UNITS=MM
#Layer_Color=9474304
#
#Feature symbol names
#
$0 r127

#
#Feature attribute names
#

#
#Layer features
#
L 2.12499956 44.87500042 2.42499896 44.87500042 0 P 0
L 2.1250021 3.50000062 4.87499914 3.50000062 0 P 0
L 2.1250021 52.49999914 4.87499914 52.49999914 0 P 0
L 2.27499926 44.72500072 2.27499926 45.02500012 0 P 0
L 2.9528135 45.60281456 3.2528129 45.60281456 0 P 0
L 3.1028132 45.45281486 3.1028132 45.75281426 0 P 0
L 3.13614816 40.88078946 3.43614756 40.88078946 0 P 0
L 3.28614786 40.73078976 3.28614786 41.03078916 0 P 0
L 3.50000062 2.1250021 3.50000062 4.87499914 0 P 0
L 3.50000062 51.12500062 3.50000062 53.87499766 0 P 0
L 3.52707448 41.97446266 3.82707388 41.97446266 0 P 0
L 3.67707418 41.82446296 3.67707418 42.12446236 0 P 0
L 3.99999962 11.12499934 4.29999902 11.12499934 0 P 0
L 4.14999932 10.97499964 4.14999932 11.27499904 0 P 0
L 4.62499964 42.24999932 4.92499904 42.24999932 0 P 0
L 4.77499934 42.09999962 4.77499934 42.39999902 0 P 0
L 5.47500048 42.12500084 5.77499988 42.12500084 0 P 0
L 5.62500018 41.97500114 5.62500018 42.27500054 0 P 0
L 5.6749315 37.4749314 5.9749309 37.4749314 0 P 0
L 5.8249312 37.3249317 5.8249312 37.6249311 0 P 0
L 5.8292873 24.07071132 6.1292867 24.07071132 0 P 0
L 5.979287 23.92071162 5.979287 24.22071102 0 P 0
L 6.83608234 35.03608436 7.13608174 35.03608436 0 P 0
L 6.98608204 34.88608466 6.98608204 35.18608406 0 P 0
L 7.02499992 39.54999964 7.32499932 39.54999964 0 P 0
L 7.07499982 29.2000051 7.37499922 29.2000051 0 P 0
L 7.17499962 39.39999994 7.17499962 39.69999934 0 P 0
L 7.22499952 29.0500054 7.22499952 29.3500048 0 P 0
L 7.2499982 24.5124605 7.5499976 24.5124605 0 P 0
L 7.35000054 28.40000162 7.64999994 28.40000162 0 P 0
L 7.37499922 33.90000078 7.67499862 33.90000078 0 P 0
L 7.3999979 24.3624608 7.3999979 24.6624602 0 P 0
L 7.42499912 47.98099878 7.72499852 47.98099878 0 P 0
L 7.50000024 28.25000192 7.50000024 28.55000132 0 P 0
L 7.52499892 33.75000108 7.52499892 34.05000048 0 P 0
L 7.52500146 36.45001092 7.82500086 36.45001092 0 P 0
L 7.57499882 22.49730324 7.87499822 22.49730324 0 P 0
L 7.57499882 47.83099908 7.57499882 48.13099848 0 P 0
L 7.67500116 36.30001122 7.67500116 36.60001062 0 P 0
L 7.72499852 22.34730354 7.72499852 22.64730294 0 P 0
L 7.77601188 24.05060722 8.07601128 24.05060722 0 P 0
L 7.81390106 32.42572382 8.11390046 32.42572382 0 P 0
L 7.83000212 51.46000122 8.85000008 51.46000122 0 P 0
L 7.83000212 54.00000122 8.85000008 54.00000122 0 P 0
L 7.92601158 23.90060752 7.92601158 24.20060692 0 P 0
L 7.96390076 32.27572412 7.96390076 32.57572352 0 P 0
L 8.30000118 11.19000048 9.69999838 11.19000048 0 P 0
L 8.30000118 15.00000048 9.69999838 15.00000048 0 P 0
L 8.32499986 46.71899978 8.62499926 46.71899978 0 P 0
L 8.3400011 50.95000224 8.3400011 51.9700002 0 P 0
L 8.3400011 53.49000224 8.3400011 54.5100002 0 P 0
L 8.34545956 31.41537024 8.64545896 31.41537024 0 P 0
L 8.4066253 29.1016817 8.7066247 29.1016817 0 P 0
L 8.45553808 25.91659282 8.75553748 25.91659282 0 P 0
L 8.47499956 46.56900008 8.47499956 46.86899948 0 P 0
L 8.49545926 31.26537054 8.49545926 31.56536994 0 P 0
L 8.55000068 24.02499894 8.85000008 24.02499894 0 P 0
L 8.556625 28.951682 8.556625 29.2516814 0 P 0
L 8.60553778 25.76659312 8.60553778 26.06659252 0 P 0
L 8.62499926 44.52500112 8.92499866 44.52500112 0 P 0
L 8.69380278 0.75440794 8.99380218 0.75440794 0 P 0
L 8.70000038 23.87499924 8.70000038 24.17499864 0 P 0
L 8.77499896 44.37500142 8.77499896 44.67500082 0 P 0
L 8.84380248 0.60440824 8.84380248 0.90440764 0 P 0
L 8.85000008 21.99999918 9.14999948 21.99999918 0 P 0
L 8.92800348 41.11851314 9.22800288 41.11851314 0 P 0
L 8.99999978 10.49000188 8.99999978 11.88999908 0 P 0
L 8.99999978 14.30000188 8.99999978 15.69999908 0 P 0
L 8.99999978 21.84999948 8.99999978 22.14999888 0 P 0
L 9.07800318 40.96851344 9.07800318 41.26851284 0 P 0
L 9.34999908 2.50000008 9.64999848 2.50000008 0 P 0
L 9.41065682 23.56065646 9.71065622 23.56065646 0 P 0
L 9.49999878 2.35000038 9.49999878 2.64999978 0 P 0
L 9.56065652 23.41065676 9.56065652 23.71065616 0 P 0
L 9.75306406 47.11582144 10.05306346 47.11582144 0 P 0
L 9.90306376 46.96582174 9.90306376 47.26582114 0 P 0
L 10.34999962 2.47499886 10.64999902 2.47499886 0 P 0
L 10.37000212 51.46000122 11.39000008 51.46000122 0 P 0
L 10.37000212 54.00000122 11.39000008 54.00000122 0 P 0
L 10.49999932 2.32499916 10.49999932 2.62499856 0 P 0
L 10.49999932 48.59999932 10.79999872 48.59999932 0 P 0
L 10.64999902 37.8569093 10.94999842 37.8569093 0 P 0
L 10.64999902 48.44999962 10.64999902 48.74999902 0 P 0
L 10.65145444 36.27300086 10.95145384 36.27300086 0 P 0
L 10.79999872 37.7069096 10.79999872 38.006909 0 P 0
L 10.80145414 36.12300116 10.80145414 36.42300056 0 P 0
L 10.8800011 50.95000224 10.8800011 51.9700002 0 P 0
L 10.8800011 53.49000224 10.8800011 54.5100002 0 P 0
L 10.95000096 39.74999924 11.25000036 39.74999924 0 P 0
L 11.10000066 39.59999954 11.10000066 39.89999894 0 P 0
L 11.42297182 48.8793028 11.72297122 48.8793028 0 P 0
L 11.48003038 34.25194572 11.78002978 34.25194572 0 P 0
L 11.55953492 49.5658521 11.85953432 49.5658521 0 P 0
L 11.57297152 48.7293031 11.57297152 49.0293025 0 P 0
L 11.63003008 34.10194602 11.63003008 34.40194542 0 P 0
L 11.69999946 1.92499996 11.99999886 1.92499996 0 P 0
L 11.70953462 49.4158524 11.70953462 49.7158518 0 P 0
L 11.76952434 35.48647462 12.06952374 35.48647462 0 P 0
L 11.84999916 1.77500026 11.84999916 2.07499966 0 P 0
L 11.91952404 35.33647492 11.91952404 35.63647432 0 P 0
L 12.5500003 38.599999 12.8499997 38.599999 0 P 0
L 12.7 38.4499993 12.7 38.7499987 0 P 0
L 12.75140706 6.25140482 13.05140646 6.25140482 0 P 0
L 12.8499997 28.9249993 13.1499991 28.9249993 0 P 0
L 12.87500092 43.57500048 13.17500032 43.57500048 0 P 0
L 12.90140676 6.10140512 12.90140676 6.40140452 0 P 0
L 12.91000212 51.46000122 13.93000008 51.46000122 0 P 0
L 12.91000212 54.00000122 13.93000008 54.00000122 0 P 0
L 12.96021792 32.34504326 13.26021732 32.34504326 0 P 0
L 12.9999994 28.7749996 12.9999994 29.074999 0 P 0
L 13.02500062 43.42500078 13.02500062 43.72500018 0 P 0
L 13.11021762 32.19504356 13.11021762 32.49504296 0 P 0
L 13.30262516 35.49370346 13.60262456 35.49370346 0 P 0
L 13.4200011 50.95000224 13.4200011 51.9700002 0 P 0
L 13.4200011 53.49000224 13.4200011 54.5100002 0 P 0
L 13.42499982 33.24999954 13.72499922 33.24999954 0 P 0
L 13.45262486 35.34370376 13.45262486 35.64370316 0 P 0
L 13.4867904 34.25355862 13.7867898 34.25355862 0 P 0
L 13.57499952 33.09999984 13.57499952 33.39999924 0 P 0
L 13.6189339 36.55606608 13.9189333 36.55606608 0 P 0
L 13.6367901 34.10355892 13.6367901 34.40355832 0 P 0
L 13.65000064 38.10000254 13.95000004 38.10000254 0 P 0
L 13.70414328 37.34303936 14.00414268 37.34303936 0 P 0
L 13.72500176 28.34999918 14.02500116 28.34999918 0 P 0
L 13.75000044 10.9610017 14.04999984 10.9610017 0 P 0
L 13.75000044 39.20000034 14.04999984 39.20000034 0 P 0
L 13.7689336 36.40606638 13.7689336 36.70606578 0 P 0
L 13.80000034 37.95000284 13.80000034 38.25000224 0 P 0
L 13.85414298 37.19303966 13.85414298 37.49303906 0 P 0
L 13.87500146 28.19999948 13.87500146 28.49999888 0 P 0
L 13.90000014 10.811002 13.90000014 11.1110014 0 P 0
L 13.90000014 39.05000064 13.90000014 39.35000004 0 P 0
L 14.4243298 32.29932834 14.7243292 32.29932834 0 P 0
L 14.5743295 32.14932864 14.5743295 32.44932804 0 P 0
L 14.85000078 22.37500478 15.15000018 22.37500478 0 P 0
L 15.00000048 22.22500508 15.00000048 22.52500448 0 P 0
L 15.15000018 48.59000188 15.44999958 48.59000188 0 P 0
L 15.29999988 48.44000218 15.29999988 48.74000158 0 P 0
L 15.45000212 51.46000122 16.47000008 51.46000122 0 P 0
L 15.45000212 54.00000122 16.47000008 54.00000122 0 P 0
L 15.9600011 50.95000224 15.9600011 51.9700002 0 P 0
L 15.9600011 53.49000224 15.9600011 54.5100002 0 P 0
L 16.30188764 29.22772666 16.60188704 29.22772666 0 P 0
L 16.45188734 29.07772696 16.45188734 29.37772636 0 P 0
L 16.5749986 38.14687062 16.874998 38.14687062 0 P 0
L 16.67500094 36.35000096 16.97500034 36.35000096 0 P 0
L 16.67500094 45.65000014 16.97500034 45.65000014 0 P 0
L 16.7249983 37.99687092 16.7249983 38.29687032 0 P 0
L 16.82500064 36.20000126 16.82500064 36.50000066 0 P 0
L 16.82500064 45.50000044 16.82500064 45.79999984 0 P 0
L 16.9434891 39.56929856 17.2434885 39.56929856 0 P 0
L 17.0934888 39.41929886 17.0934888 39.71929826 0 P 0
L 17.50000056 33.42500046 17.79999996 33.42500046 0 P 0
L 17.55000046 45.99999944 17.84999986 45.99999944 0 P 0
L 17.6434877 39.56929856 17.9434871 39.56929856 0 P 0
L 17.65000026 33.27500076 17.65000026 33.57500016 0 P 0
L 17.70000016 45.84999974 17.70000016 46.14999914 0 P 0
L 17.7934874 39.41929886 17.7934874 39.71929826 0 P 0
L 17.87500108 29.074999 18.17500048 29.074999 0 P 0
L 17.99000212 51.46000122 19.01000008 51.46000122 0 P 0
L 17.99000212 54.00000122 19.01000008 54.00000122 0 P 0
L 18.02500078 28.9249993 18.02500078 29.2249987 0 P 0
L 18.29599846 32.56256632 18.59599786 32.56256632 0 P 0
L 18.39809122 38.44230056 18.69809062 38.44230056 0 P 0
L 18.44599816 32.41256662 18.44599816 32.71256602 0 P 0
L 18.5000011 50.95000224 18.5000011 51.9700002 0 P 0
L 18.5000011 53.49000224 18.5000011 54.5100002 0 P 0
L 18.54809092 38.29230086 18.54809092 38.59230026 0 P 0
L 19.85000094 42.09999962 20.15000034 42.09999962 0 P 0
L 20.00000064 41.94999992 20.00000064 42.24999932 0 P 0
L 20.53000212 51.46000122 21.55000008 51.46000122 0 P 0
L 20.53000212 54.00000122 21.55000008 54.00000122 0 P 0
L 20.54879304 40.97725104 20.84879244 40.97725104 0 P 0
L 20.58702258 25.4879729 20.88702198 25.4879729 0 P 0
L 20.69879274 40.82725134 20.69879274 41.12725074 0 P 0
L 20.73702228 25.3379732 20.73702228 25.6379726 0 P 0
L 20.74999914 29.20000002 21.04999854 29.20000002 0 P 0
L 20.74999914 43.32500098 21.04999854 43.32500098 0 P 0
L 20.77500036 44.42499878 21.07499976 44.42499878 0 P 0
L 20.82500026 47.5511876 21.12499966 47.5511876 0 P 0
L 20.89999884 29.05000032 20.89999884 29.34999972 0 P 0
L 20.89999884 43.17500128 20.89999884 43.47500068 0 P 0
L 20.92500006 44.27499908 20.92500006 44.57499848 0 P 0
L 20.97499996 47.4011879 20.97499996 47.7011873 0 P 0
L 21.0400011 50.95000224 21.0400011 51.9700002 0 P 0
L 21.0400011 53.49000224 21.0400011 54.5100002 0 P 0
L 21.6250012 36.60000046 21.87499816 36.60000046 0 P 0
L 21.74999968 36.47500198 21.74999968 36.72499894 0 P 0
L 21.84999948 6.0000007 22.14999888 6.0000007 0 P 0
L 21.99999918 5.850001 21.99999918 6.1500004 0 P 0
L 22.0250004 34.57424378 22.27499736 34.57424378 0 P 0
L 22.14999888 34.4492453 22.14999888 34.69924226 0 P 0
L 22.45000082 45.58027968 22.75000022 45.58027968 0 P 0
L 22.50000072 24.82499988 22.80000012 24.82499988 0 P 0
L 22.60000052 45.43027998 22.60000052 45.73027938 0 P 0
L 22.65000042 24.67500018 22.65000042 24.97499958 0 P 0
L 22.75000022 46.67551752 23.04999962 46.67551752 0 P 0
L 22.85000002 19.4999991 23.14999942 19.4999991 0 P 0
L 22.89999992 46.52551782 22.89999992 46.82551722 0 P 0
L 22.99999972 19.3499994 22.99999972 19.6499988 0 P 0
L 23.02500094 16.51659384 23.32500034 16.51659384 0 P 0
L 23.07000212 51.46000122 24.09000008 51.46000122 0 P 0
L 23.07000212 54.00000122 24.09000008 54.00000122 0 P 0
L 23.17500064 16.36659414 23.17500064 16.66659354 0 P 0
L 23.21545268 47.67231004 23.51545208 47.67231004 0 P 0
L 23.27500044 41.6249993 23.57499984 41.6249993 0 P 0
L 23.36545238 47.52231034 23.36545238 47.82230974 0 P 0
L 23.36933604 30.30522514 23.66933544 30.30522514 0 P 0
L 23.42500014 41.4749996 23.42500014 41.774999 0 P 0
L 23.51933574 30.15522544 23.51933574 30.45522484 0 P 0
L 23.52499994 44.2000005 23.82499934 44.2000005 0 P 0
L 23.5800011 50.95000224 23.5800011 51.9700002 0 P 0
L 23.5800011 53.49000224 23.5800011 54.5100002 0 P 0
L 23.67499964 44.0500008 23.67499964 44.3500002 0 P 0
L 23.82499934 16.99409606 24.12499874 16.99409606 0 P 0
L 23.86110036 19.5110989 24.16109976 19.5110989 0 P 0
L 23.97499904 16.84409636 23.97499904 17.14409576 0 P 0
L 24.01110006 19.3610992 24.01110006 19.6610986 0 P 0
L 24.14524762 26.77499852 24.44524702 26.77499852 0 P 0
L 24.29524732 26.62499882 24.29524732 26.92499822 0 P 0
L 24.40799792 21.52500648 24.70799732 21.52500648 0 P 0
L 24.47500058 44.0500008 24.77499998 44.0500008 0 P 0
L 24.55799762 21.37500678 24.55799762 21.67500618 0 P 0
L 24.62500028 43.9000011 24.62500028 44.2000005 0 P 0
L 24.691594 38.87964792 24.9915934 38.87964792 0 P 0
L 24.8415937 38.72964822 24.8415937 39.02964762 0 P 0
L 24.95290666 46.43148956 25.25290606 46.43148956 0 P 0
L 25.10290636 46.28148986 25.10290636 46.58148926 0 P 0
L 25.61000212 51.46000122 26.63000008 51.46000122 0 P 0
L 25.61000212 54.00000122 26.63000008 54.00000122 0 P 0
L 26.05000124 13.07500052 26.35000064 13.07500052 0 P 0
L 26.10000114 8.99999978 26.40000054 8.99999978 0 P 0
L 26.11049134 46.49999844 26.41049074 46.49999844 0 P 0
L 26.1200011 50.95000224 26.1200011 51.9700002 0 P 0
L 26.1200011 53.49000224 26.1200011 54.5100002 0 P 0
L 26.12781414 28.32218364 26.42781354 28.32218364 0 P 0
L 26.18156816 31.504509 26.48156756 31.504509 0 P 0
L 26.20000094 12.92500082 26.20000094 13.22500022 0 P 0
L 26.22499962 36.13871106 26.52499902 36.13871106 0 P 0
L 26.25000084 8.85000008 26.25000084 9.14999948 0 P 0
L 26.26049104 46.34999874 26.26049104 46.64999814 0 P 0
L 26.27781384 28.17218394 26.27781384 28.47218334 0 P 0
L 26.33156786 31.3545093 26.33156786 31.6545087 0 P 0
L 26.37499932 35.98871136 26.37499932 36.28871076 0 P 0
L 26.47366308 2.7750008 26.77366248 2.7750008 0 P 0
L 26.62366278 2.6250011 26.62366278 2.9250005 0 P 0
L 26.6955397 6.95809124 26.9955391 6.95809124 0 P 0
L 26.75000238 17.40000076 26.95000198 17.40000076 0 P 0
L 26.8455394 6.80809154 26.8455394 7.10809094 0 P 0
L 26.85000218 17.30000096 26.85000218 17.50000056 0 P 0
L 27.1346676 36.78466862 27.434667 36.78466862 0 P 0
L 27.2846673 36.63466892 27.2846673 36.93466832 0 P 0
L 27.69922832 7.8728189 27.99922772 7.8728189 0 P 0
L 27.75000038 17.55000046 27.94999998 17.55000046 0 P 0
L 27.84922802 7.7228192 27.84922802 8.0228186 0 P 0
L 27.85000018 17.45000066 27.85000018 17.65000026 0 P 0
L 28.15000212 51.46000122 29.17000008 51.46000122 0 P 0
L 28.15000212 54.00000122 29.17000008 54.00000122 0 P 0
L 28.19999948 23.75000076 28.49999888 23.75000076 0 P 0
L 28.2250007 25.24999776 28.5250001 25.24999776 0 P 0
L 28.34999918 23.60000106 28.34999918 23.90000046 0 P 0
L 28.3750004 25.09999806 28.3750004 25.39999746 0 P 0
L 28.55000132 28.49999888 28.85000072 28.49999888 0 P 0
L 28.575 42.30387018 28.8749994 42.30387018 0 P 0
L 28.6600011 50.95000224 28.6600011 51.9700002 0 P 0
L 28.6600011 53.49000224 28.6600011 54.5100002 0 P 0
L 28.70000102 28.34999918 28.70000102 28.64999858 0 P 0
L 28.7249997 42.15387048 28.7249997 42.45386988 0 P 0
L 28.83937082 5.14070854 29.13937022 5.14070854 0 P 0
L 28.98937052 4.99070884 28.98937052 5.29070824 0 P 0
L 29.15000012 36.25000116 29.44999952 36.25000116 0 P 0
L 29.29474202 19.76712328 29.59474142 19.76712328 0 P 0
L 29.29999982 36.10000146 29.29999982 36.40000086 0 P 0
L 29.38999456 9.77928702 29.68999396 9.77928702 0 P 0
L 29.44474172 19.61712358 29.44474172 19.91712298 0 P 0
L 29.53999426 9.62928732 29.53999426 9.92928672 0 P 0
L 29.63229786 23.02694912 29.93229726 23.02694912 0 P 0
L 29.64342814 12.78339074 29.94342754 12.78339074 0 P 0
L 29.78229756 22.87694942 29.78229756 23.17694882 0 P 0
L 29.79342784 12.63339104 29.79342784 12.93339044 0 P 0
L 30.47500128 6.20000284 30.77500068 6.20000284 0 P 0
L 30.62500098 6.05000314 30.62500098 6.35000254 0 P 0
L 30.67500088 19.52500032 30.97500028 19.52500032 0 P 0
L 30.69000212 51.46000122 31.71000008 51.46000122 0 P 0
L 30.69000212 54.00000122 31.71000008 54.00000122 0 P 0
L 30.69571204 8.02500046 30.99571144 8.02500046 0 P 0
L 30.82500058 19.37500062 30.82500058 19.67500002 0 P 0
L 30.84571174 7.87500076 30.84571174 8.17500016 0 P 0
L 30.9000017 30.01759808 31.2000011 30.01759808 0 P 0
L 30.9000017 32.37253622 31.2000011 32.37253622 0 P 0
L 31.02499764 28.7030795 31.32499704 28.7030795 0 P 0
L 31.04999886 25.12499928 31.34999826 25.12499928 0 P 0
L 31.0500014 29.86759838 31.0500014 30.16759778 0 P 0
L 31.0500014 32.22253652 31.0500014 32.52253592 0 P 0
L 31.17499734 28.5530798 31.17499734 28.8530792 0 P 0
L 31.19999856 24.97499958 31.19999856 25.27499898 0 P 0
L 31.2000011 50.95000224 31.2000011 51.9700002 0 P 0
L 31.2000011 53.49000224 31.2000011 54.5100002 0 P 0
L 31.34178898 8.15821076 31.64178838 8.15821076 0 P 0
L 31.49178868 8.00821106 31.49178868 8.30821046 0 P 0
L 31.5500004 35.40000032 31.8499998 35.40000032 0 P 0
L 31.7000001 35.25000062 31.7000001 35.55000002 0 P 0
L 32.26882294 13.2499989 32.56882234 13.2499989 0 P 0
L 32.41882264 13.0999992 32.41882264 13.3999986 0 P 0
L 33.22315682 9.50322712 33.52315622 9.50322712 0 P 0
L 33.23000212 51.46000122 34.25000008 51.46000122 0 P 0
L 33.23000212 54.00000122 34.25000008 54.00000122 0 P 0
L 33.37315652 9.35322742 33.37315652 9.65322682 0 P 0
L 33.65000128 41.80000022 33.95000068 41.80000022 0 P 0
L 33.65000128 44.7999993 33.95000068 44.7999993 0 P 0
L 33.70000118 23.39999892 34.00000058 23.39999892 0 P 0
L 33.7400011 50.95000224 33.7400011 51.9700002 0 P 0
L 33.7400011 53.49000224 33.7400011 54.5100002 0 P 0
L 33.80000098 41.65000052 33.80000098 41.94999992 0 P 0
L 33.80000098 44.6499996 33.80000098 44.949999 0 P 0
L 33.85000088 23.24999922 33.85000088 23.54999862 0 P 0
L 33.85000088 29.05000032 34.15000028 29.05000032 0 P 0
L 34.00000058 28.90000062 34.00000058 29.20000002 0 P 0
L 34.00003868 40.07503796 34.30003808 40.07503796 0 P 0
L 34.02499926 26.32499942 34.32499866 26.32499942 0 P 0
L 34.15003838 39.92503826 34.15003838 40.22503766 0 P 0
L 34.17499896 26.17499972 34.17499896 26.47499912 0 P 0
L 34.33723892 50.4705747 34.63723832 50.4705747 0 P 0
L 34.48723862 50.320575 34.48723862 50.6205744 0 P 0
L 34.54999948 27.15000158 34.84999888 27.15000158 0 P 0
L 34.59999938 36.02500034 34.89999878 36.02500034 0 P 0
L 34.6750005 28.24999938 34.9749999 28.24999938 0 P 0
L 34.69999918 27.00000188 34.69999918 27.30000128 0 P 0
L 34.74999908 35.87500064 34.74999908 36.17500004 0 P 0
L 34.7750003 31.92500092 35.0749997 31.92500092 0 P 0
L 34.8250002 28.09999968 34.8250002 28.39999908 0 P 0
L 34.90000132 46.07500056 35.20000072 46.07500056 0 P 0
L 34.925 31.77500122 34.925 32.07500062 0 P 0
L 34.925 45.10000124 35.2249994 45.10000124 0 P 0
L 35.00000112 29.20000002 35.30000052 29.20000002 0 P 0
L 35.05000102 45.92500086 35.05000102 46.22500026 0 P 0
L 35.0749997 44.95000154 35.0749997 45.25000094 0 P 0
L 35.15000082 29.05000032 35.15000082 29.34999972 0 P 0
L 35.50000012 40.47499906 35.79999952 40.47499906 0 P 0
L 35.64999982 40.32499936 35.64999982 40.62499876 0 P 0
L 35.77000212 51.46000122 36.79000008 51.46000122 0 P 0
L 35.77000212 54.00000122 36.79000008 54.00000122 0 P 0
L 35.87500064 31.9999995 36.17500004 31.9999995 0 P 0
L 36.02500034 31.8499998 36.02500034 32.1499992 0 P 0
L 36.2800011 50.95000224 36.2800011 51.9700002 0 P 0
L 36.2800011 53.49000224 36.2800011 54.5100002 0 P 0
L 36.67089186 17.62499904 36.97089126 17.62499904 0 P 0
L 36.82089156 17.47499934 36.82089156 17.77499874 0 P 0
L 37.25343324 8.52094816 37.55343264 8.52094816 0 P 0
L 37.26160188 50.61558838 37.56160128 50.61558838 0 P 0
L 37.3500015 3.50000062 37.6500009 3.50000062 0 P 0
L 37.40343294 8.37094846 37.40343294 8.67094786 0 P 0
L 37.41160158 50.46558868 37.41160158 50.76558808 0 P 0
L 37.5000012 3.35000092 37.5000012 3.65000032 0 P 0
L 37.52499988 13.92499882 37.82499928 13.92499882 0 P 0
L 37.67499958 13.77499912 37.67499958 14.07499852 0 P 0
L 37.92499908 34.95000122 38.22499848 34.95000122 0 P 0
L 38.0500001 11.42499874 38.3499995 11.42499874 0 P 0
L 38.07499878 34.80000152 38.07499878 35.10000092 0 P 0
L 38.1999998 11.27499904 38.1999998 11.57499844 0 P 0
L 38.31000212 51.46000122 39.33000008 51.46000122 0 P 0
L 38.31000212 54.00000122 39.33000008 54.00000122 0 P 0
L 38.3499995 3.50000062 38.6499989 3.50000062 0 P 0
L 38.4999992 3.35000092 38.4999992 3.65000032 0 P 0
L 38.4999992 41.60000062 38.7999986 41.60000062 0 P 0
L 38.64999636 42.62624444 38.94999576 42.62624444 0 P 0
L 38.6499989 41.45000092 38.6499989 41.75000032 0 P 0
L 38.79999606 42.47624474 38.79999606 42.77624414 0 P 0
L 38.8200011 50.95000224 38.8200011 51.9700002 0 P 0
L 38.8200011 53.49000224 38.8200011 54.5100002 0 P 0
L 38.92499962 33.92499946 39.22499902 33.92499946 0 P 0
L 39.07499932 33.77499976 39.07499932 34.07499916 0 P 0
L 39.37500126 26.47499912 39.67500066 26.47499912 0 P 0
L 39.52500096 26.32499942 39.52500096 26.62499882 0 P 0
L 39.54999964 46.92499886 39.74999924 46.92499886 0 P 0
L 39.64999944 46.82499906 39.64999944 47.02499866 0 P 0
L 39.90000148 11.17499924 40.20000088 11.17499924 0 P 0
L 40.05000118 11.02499954 40.05000118 11.32499894 0 P 0
L 40.07300088 15.947517 40.37300028 15.947517 0 P 0
L 40.22300058 15.7975173 40.22300058 16.0975167 0 P 0
L 40.35000058 30.92500038 40.64999998 30.92500038 0 P 0
L 40.35029268 34.95828416 40.65029208 34.95828416 0 P 0
L 40.50000028 30.77500068 40.50000028 31.07500008 0 P 0
L 40.50029238 34.80828446 40.50029238 35.10828386 0 P 0
L 40.7250011 4.50000116 41.0250005 4.50000116 0 P 0
L 40.85000212 51.46000122 41.87000008 51.46000122 0 P 0
L 40.85000212 54.00000122 41.87000008 54.00000122 0 P 0
L 40.8750008 4.35000146 40.8750008 4.65000086 0 P 0
L 41.3600011 50.95000224 41.3600011 51.9700002 0 P 0
L 41.3600011 53.49000224 41.3600011 54.5100002 0 P 0
L 41.3749998 3.7749988 41.6749992 3.7749988 0 P 0
L 41.5249995 3.6249991 41.5249995 3.9249985 0 P 0
L 42.24999932 3.75000012 42.54999872 3.75000012 0 P 0
L 42.24999932 36.55000056 42.54999872 36.55000056 0 P 0
L 42.39999902 3.60000042 42.39999902 3.89999982 0 P 0
L 42.39999902 36.40000086 42.39999902 36.70000026 0 P 0
L 42.62499984 45.93945346 42.92499924 45.93945346 0 P 0
L 42.69504542 46.74504494 42.99504482 46.74504494 0 P 0
L 42.77499954 45.78945376 42.77499954 46.08945316 0 P 0
L 42.82700096 44.34653564 43.12700036 44.34653564 0 P 0
L 42.84504512 46.59504524 42.84504512 46.89504464 0 P 0
L 42.86846392 41.3733869 43.16846332 41.3733869 0 P 0
L 42.94025448 38.60962814 43.24025388 38.60962814 0 P 0
L 42.97700066 44.19653594 42.97700066 44.49653534 0 P 0
L 43.01846362 41.2233872 43.01846362 41.5233866 0 P 0
L 43.03000538 28.50399684 43.33000478 28.50399684 0 P 0
L 43.09025418 38.45962844 43.09025418 38.75962784 0 P 0
L 43.18000508 28.35399714 43.18000508 28.65399654 0 P 0
L 43.39000212 51.46000122 44.41000008 51.46000122 0 P 0
L 43.39000212 54.00000122 44.41000008 54.00000122 0 P 0
L 43.39999956 30.89999916 43.69999896 30.89999916 0 P 0
L 43.43986232 29.78526682 43.73986172 29.78526682 0 P 0
L 43.44999946 25.55618968 43.74999886 25.55618968 0 P 0
L 43.54999926 30.74999946 43.54999926 31.04999886 0 P 0
L 43.58986202 29.63526712 43.58986202 29.93526652 0 P 0
L 43.59999916 25.40618998 43.59999916 25.70618938 0 P 0
L 43.6000017 26.65618748 43.9000011 26.65618748 0 P 0
L 43.60295064 22.12144928 43.90295004 22.12144928 0 P 0
L 43.7500014 26.50618778 43.7500014 26.80618718 0 P 0
L 43.75295034 21.97144958 43.75295034 22.27144898 0 P 0
L 43.9000011 28.7520761 44.2000005 28.7520761 0 P 0
L 43.9000011 50.95000224 43.9000011 51.9700002 0 P 0
L 43.9000011 53.49000224 43.9000011 54.5100002 0 P 0
L 43.950001 27.29999874 44.2500004 27.29999874 0 P 0
L 44.0500008 28.6020764 44.0500008 28.9020758 0 P 0
L 44.1000007 27.14999904 44.1000007 27.44999844 0 P 0
L 44.3500002 37.02500088 44.6499996 37.02500088 0 P 0
L 44.4999999 36.87500118 44.4999999 37.17500058 0 P 0
L 45.05000134 22.25000122 45.35000074 22.25000122 0 P 0
L 45.20000104 22.10000152 45.20000104 22.40000092 0 P 0
L 45.2999983 45.35000074 45.5999977 45.35000074 0 P 0
L 45.449998 45.20000104 45.449998 45.50000044 0 P 0
L 45.93000212 51.46000122 46.95000008 51.46000122 0 P 0
L 45.93000212 54.00000122 46.95000008 54.00000122 0 P 0
L 45.95800054 41.80000022 46.25799994 41.80000022 0 P 0
L 46.04800036 34.05000048 46.34799976 34.05000048 0 P 0
L 46.10800024 41.65000052 46.10800024 41.94999992 0 P 0
L 46.11109142 25.33890538 46.41109082 25.33890538 0 P 0
L 46.19800006 33.90000078 46.19800006 34.20000018 0 P 0
L 46.26109112 25.18890568 46.26109112 25.48890508 0 P 0
L 46.37499996 28.60000122 46.67499936 28.60000122 0 P 0
L 46.4400011 50.95000224 46.4400011 51.9700002 0 P 0
L 46.4400011 53.49000224 46.4400011 54.5100002 0 P 0
L 46.52499966 28.45000152 46.52499966 28.75000092 0 P 0
L 46.62499946 47.09999978 46.92499886 47.09999978 0 P 0
L 46.63565476 46.21065434 46.93565416 46.21065434 0 P 0
L 46.77499916 46.95000008 46.77499916 47.24999948 0 P 0
L 46.78565446 46.06065464 46.78565446 46.36065404 0 P 0
L 46.85000028 20.49999964 47.14999968 20.49999964 0 P 0
L 46.99999998 20.34999994 46.99999998 20.64999934 0 P 0
L 47.69999858 19.16040872 47.99999798 19.16040872 0 P 0
L 47.84999828 19.01040902 47.84999828 19.31040842 0 P 0
L 48.47000212 51.46000122 49.49000008 51.46000122 0 P 0
L 48.47000212 54.00000122 49.49000008 54.00000122 0 P 0
L 48.64999922 35.40000032 48.94999862 35.40000032 0 P 0
L 48.79999892 35.25000062 48.79999892 35.55000002 0 P 0
L 48.92499994 15.7750002 49.22499934 15.7750002 0 P 0
L 48.9800011 50.95000224 48.9800011 51.9700002 0 P 0
L 48.9800011 53.49000224 48.9800011 54.5100002 0 P 0
L 49.07499964 15.6250005 49.07499964 15.9249999 0 P 0
L 49.30000046 30.92500038 49.59999986 30.92500038 0 P 0
L 49.45000016 30.77500068 49.45000016 31.07500008 0 P 0
L 49.57500118 40.64999998 49.87500058 40.64999998 0 P 0
L 49.72500088 40.50000028 49.72500088 40.79999968 0 P 0
L 49.97275502 34.77537622 50.27275442 34.77537622 0 P 0
L 50.12275472 34.62537652 50.12275472 34.92537592 0 P 0
L 50.22499988 27.27500006 50.52499928 27.27500006 0 P 0
L 50.36570572 35.84999942 50.66570512 35.84999942 0 P 0
L 50.37175092 29.49800044 50.67175032 29.49800044 0 P 0
L 50.37499958 27.12500036 50.37499958 27.42499976 0 P 0
L 50.42913206 11.0875064 50.72913146 11.0875064 0 P 0
L 50.47499938 24.59999906 50.77499878 24.59999906 0 P 0
L 50.51570542 35.69999972 50.51570542 35.99999912 0 P 0
L 50.52175062 29.34800074 50.52175062 29.64800014 0 P 0
L 50.5500005 16.17300042 50.8499999 16.17300042 0 P 0
L 50.57913176 10.9375067 50.57913176 11.2375061 0 P 0
L 50.58549446 8.47726778 50.88549386 8.47726778 0 P 0
L 50.62499908 24.44999936 50.62499908 24.74999876 0 P 0
L 50.7000002 16.02300072 50.7000002 16.32300012 0 P 0
L 50.73549416 8.32726808 50.73549416 8.62726748 0 P 0
L 50.7500001 41.5249995 51.0499995 41.5249995 0 P 0
L 50.77500132 20.72500046 51.07500072 20.72500046 0 P 0
L 50.87500112 44.77500062 51.17500052 44.77500062 0 P 0
L 50.87639558 45.991018 51.17639498 45.991018 0 P 0
L 50.8999998 41.3749998 50.8999998 41.6749992 0 P 0
L 50.92500102 20.57500076 50.92500102 20.87500016 0 P 0
L 51.01000212 51.46000122 52.03000008 51.46000122 0 P 0
L 51.01000212 54.00000122 52.03000008 54.00000122 0 P 0
L 51.02500082 44.62500092 51.02500082 44.92500032 0 P 0
L 51.02639528 45.8410183 51.02639528 46.1410177 0 P 0
L 51.28815244 33.14350242 51.58815184 33.14350242 0 P 0
L 51.357403 42.10740118 51.6574024 42.10740118 0 P 0
L 51.43815214 32.99350272 51.43815214 33.29350212 0 P 0
L 51.45000124 12.4000006 51.75000064 12.4000006 0 P 0
L 51.47174872 29.52825184 51.77174812 29.52825184 0 P 0
L 51.5074027 41.95740148 51.5074027 42.25740088 0 P 0
L 51.5200011 50.95000224 51.5200011 51.9700002 0 P 0
L 51.5200011 53.49000224 51.5200011 54.5100002 0 P 0
L 51.60000094 12.2500009 51.60000094 12.5500003 0 P 0
L 51.62174842 29.37825214 51.62174842 29.67825154 0 P 0
L 51.63252564 34.50000212 51.93252504 34.50000212 0 P 0
L 51.71002612 32.03095702 52.01002552 32.03095702 0 P 0
L 51.71618308 27.29036452 52.01618248 27.29036452 0 P 0
L 51.78252534 34.35000242 51.78252534 34.65000182 0 P 0
L 51.81980492 40.08441056 52.11980432 40.08441056 0 P 0
L 51.86002582 31.88095732 51.86002582 32.18095672 0 P 0
L 51.86618278 27.14036482 51.86618278 27.44036422 0 P 0
L 51.96980462 39.93441086 51.96980462 40.23441026 0 P 0
L 52.05000004 20.67500056 52.34999944 20.67500056 0 P 0
L 52.19999974 20.52500086 52.19999974 20.82500026 0 P 0
L 53.55000212 51.46000122 54.57000008 51.46000122 0 P 0
L 53.55000212 54.00000122 54.57000008 54.00000122 0 P 0
L 53.79999908 5.00000016 54.09999848 5.00000016 0 P 0
L 53.8250003 35.9308781 54.1249997 35.9308781 0 P 0
L 53.94999878 4.85000046 53.94999878 5.14999986 0 P 0
L 53.975 35.7808784 53.975 36.0808778 0 P 0
L 54.0600011 50.95000224 54.0600011 51.9700002 0 P 0
L 54.0600011 53.49000224 54.0600011 54.5100002 0 P 0
L 54.2716466 3.72835424 54.571646 3.72835424 0 P 0
L 54.39430066 23.35199292 54.69430006 23.35199292 0 P 0
L 54.4216463 3.57835454 54.4216463 3.87835394 0 P 0
L 54.54430036 23.20199322 54.54430036 23.50199262 0 P 0
L 54.57500134 43.49999936 54.87500074 43.49999936 0 P 0
L 54.72500104 43.34999966 54.72500104 43.64999906 0 P 0
L 55.4500034 38.95510878 55.7500028 38.95510878 0 P 0
L 55.4500034 40.05510658 55.7500028 40.05510658 0 P 0
L 55.6000031 38.80510908 55.6000031 39.10510848 0 P 0
L 55.6000031 39.90510688 55.6000031 40.20510628 0 P 0
L 55.75000026 3.2249999 56.04999966 3.2249999 0 P 0
L 55.80000016 36.50000066 56.09999956 36.50000066 0 P 0
L 55.89999996 3.0750002 55.89999996 3.3749996 0 P 0
L 55.89999996 35.62500114 56.19999936 35.62500114 0 P 0
L 55.94999986 36.35000096 55.94999986 36.65000036 0 P 0
L 56.04999966 35.47500144 56.04999966 35.77500084 0 P 0
L 56.09000212 51.46000122 57.11000008 51.46000122 0 P 0
L 56.09000212 54.00000122 57.11000008 54.00000122 0 P 0
L 56.6000011 50.95000224 56.6000011 51.9700002 0 P 0
L 56.6000011 53.49000224 56.6000011 54.5100002 0 P 0
L 56.72499958 37.32500028 57.02499898 37.32500028 0 P 0
L 56.74741508 38.09243842 57.04741448 38.09243842 0 P 0
L 56.85083372 39.74999924 57.15083312 39.74999924 0 P 0
L 56.87499928 37.17500058 56.87499928 37.47499998 0 P 0
L 56.89741478 37.94243872 56.89741478 38.24243812 0 P 0
L 57.00083342 39.59999954 57.00083342 39.89999894 0 P 0
L 57.05211094 36.5508794 57.35211034 36.5508794 0 P 0
L 57.15 48.34999982 57.4499994 48.34999982 0 P 0
L 57.20211064 36.4008797 57.20211064 36.7008791 0 P 0
L 57.2999997 48.20000012 57.2999997 48.49999952 0 P 0
L 57.32563592 44.61538956 57.62563532 44.61538956 0 P 0
L 57.47563562 44.46538986 57.47563562 44.76538926 0 P 0
L 57.52933376 4.22651936 57.82933316 4.22651936 0 P 0
L 57.65000154 9.3250004 57.95000094 9.3250004 0 P 0
L 57.66424078 10.9642402 57.96424018 10.9642402 0 P 0
L 57.67933346 4.07651966 57.67933346 4.37651906 0 P 0
L 57.80000124 9.1750007 57.80000124 9.4750001 0 P 0
L 57.81424048 10.8142405 57.81424048 11.1142399 0 P 0
L 58.21423968 19.18924026 58.51423908 19.18924026 0 P 0
L 58.36423938 19.03924056 58.36423938 19.33923996 0 P 0
L 60.1250004 3.50000062 62.87499744 3.50000062 0 P 0
L 60.1250004 52.49999914 62.87499744 52.49999914 0 P 0
L 60.50824068 25.34524014 60.80824008 25.34524014 0 P 0
L 60.65824038 25.19524044 60.65824038 25.49523984 0 P 0
L 61.24999942 25.47500112 61.54999882 25.47500112 0 P 0
L 61.37500044 47.34321748 61.67499984 47.34321748 0 P 0
L 61.39999912 25.32500142 61.39999912 25.62500082 0 P 0
L 61.49999892 2.1250021 61.49999892 4.87499914 0 P 0
L 61.49999892 51.12500062 61.49999892 53.87499766 0 P 0
L 61.52500014 47.19321778 61.52500014 47.49321718 0 P 0
L 61.74881478 12.24952592 62.04881418 12.24952592 0 P 0
L 61.8253272 24.86574402 62.1253266 24.86574402 0 P 0
L 61.89881448 12.09952622 61.89881448 12.39952562 0 P 0
L 61.9753269 24.71574432 61.9753269 25.01574372 0 P 0
L 62.20000006 40.60000008 62.49999946 40.60000008 0 P 0
L 62.27700016 33.2757907 62.57699956 33.2757907 0 P 0
L 62.34999976 9.48085226 62.64999916 9.48085226 0 P 0
L 62.34999976 40.45000038 62.34999976 40.74999978 0 P 0
L 62.42699986 33.125791 62.42699986 33.4257904 0 P 0
L 62.49999946 9.33085256 62.49999946 9.63085196 0 P 0
L 62.62500048 45.10000124 62.92499988 45.10000124 0 P 0
L 62.77500018 44.95000154 62.77500018 45.25000094 0 P 0
L 63.38233958 30.99999642 63.68233898 30.99999642 0 P 0
L 63.53233928 30.84999672 63.53233928 31.14999612 0 P 0
L 63.72500082 49.64999722 64.02500022 49.64999722 0 P 0
L 63.87500052 49.49999752 63.87500052 49.79999692 0 P 0
L 64.71463054 48.33924038 65.01462994 48.33924038 0 P 0
L 64.86463024 48.18924068 64.86463024 48.48924008 0 P 0
L 65.35000138 30.42499884 65.65000078 30.42499884 0 P 0
L 65.50000108 30.27499914 65.50000108 30.57499854 0 P 0
L 65.65000078 22.30000112 65.95000018 22.30000112 0 P 0
L 65.80000048 22.15000142 65.80000048 22.45000082 0 P 0
L 67.2199951 19.20117064 67.5199945 19.20117064 0 P 0
L 67.3699948 19.05117094 67.3699948 19.35117034 0 P 0
L 69.48924126 19.23924016 69.78924066 19.23924016 0 P 0
L 69.63924096 19.08924046 69.63924096 19.38923986 0 P 0
L 71.75000128 37.82499928 72.05000068 37.82499928 0 P 0
L 71.90000098 37.67499958 71.90000098 37.97499898 0 P 0
L 71.9190459 30.83095688 72.2190453 30.83095688 0 P 0
L 72.0690456 30.68095718 72.0690456 30.98095658 0 P 0
L 72.6250008 36.12500014 72.9250002 36.12500014 0 P 0
L 72.7750005 35.97500044 72.7750005 36.27499984 0 P 0
L 73.20000092 31.6500002 73.50000032 31.6500002 0 P 0
L 73.32640656 35.45140738 73.62640596 35.45140738 0 P 0
L 73.35000062 31.5000005 73.35000062 31.7999999 0 P 0
L 73.47640626 35.30140768 73.47640626 35.60140708 0 P 0
L 74.68924102 36.93924032 74.98924042 36.93924032 0 P 0
L 74.83924072 36.78924062 74.83924072 37.08924002 0 P 0
L 75.27500058 47.3250006 75.57499998 47.3250006 0 P 0
L 75.29999926 34.49999958 75.59999866 34.49999958 0 P 0
L 75.39999906 32.60000084 75.69999846 32.60000084 0 P 0
L 75.39999906 33.64999874 75.69999846 33.64999874 0 P 0
L 75.42500028 47.1750009 75.42500028 47.4750003 0 P 0
L 75.44999896 34.34999988 75.44999896 34.64999928 0 P 0
L 75.54999876 32.45000114 75.54999876 32.75000054 0 P 0
L 75.54999876 33.49999904 75.54999876 33.79999844 0 P 0
L 75.72499968 30.52500118 76.02499908 30.52500118 0 P 0
L 75.77499958 28.54999878 76.07499898 28.54999878 0 P 0
L 75.87499938 30.37500148 75.87499938 30.67500088 0 P 0
L 75.92499928 28.39999908 75.92499928 28.69999848 0 P 0
L 76.7892419 45.0892418 77.0892413 45.0892418 0 P 0
L 76.9392416 44.9392421 76.9392416 45.2392415 0 P 0
L 78.94999958 47.29999938 79.24999898 47.29999938 0 P 0
L 79.09999928 47.14999968 79.09999928 47.44999908 0 P 0
L 81.27500128 45.15000114 81.57500068 45.15000114 0 P 0
L 81.42500098 45.00000144 81.42500098 45.30000084 0 P 0
L 81.64935664 28.17151592 81.94935604 28.17151592 0 P 0
L 81.79935634 28.02151622 81.79935634 28.32151562 0 P 0
