UNITS=MM
#Layer_Color=32768
#
#Feature symbol names
#
$0 r199.9996

#
#Feature attribute names
#

#
#Layer features
#
L 7.349998 42.14999952 7.349998 43.8500012 0 P 0
L 7.349998 42.14999952 10.14999748 42.14999952 0 P 0
L 7.349998 43.8500012 10.14999748 43.8500012 0 P 0
L 10.14999748 42.14999952 10.14999748 43.8500012 0 P 0
L 12.5000004 15.65000172 12.5000004 18.7500006 0 P 0
L 12.5000004 15.65000172 15.69999908 15.65000172 0 P 0
L 12.5000004 18.7500006 15.69999908 18.7500006 0 P 0
L 15.69999908 15.65000172 15.69999908 18.7500006 0 P 0
L 19.47088816 1.69999914 19.47088816 3.30000102 0 P 0
L 19.47088816 1.69999914 22.12910992 1.69999914 0 P 0
L 19.47088816 3.30000102 22.12910992 3.30000102 0 P 0
L 19.75000114 16.92500044 19.75000114 18.47499988 0 P 0
L 19.75000114 16.92500044 23.24999922 16.92500044 0 P 0
L 19.75000114 18.47499988 23.24999922 18.47499988 0 P 0
L 21.50000018 32.3226811 21.50000018 36.22888106 0 P 0
L 21.50000018 32.3226811 23.50000126 32.3226811 0 P 0
L 21.50000018 36.22888106 23.50000126 36.22888106 0 P 0
L 22.12910992 1.69999914 22.12910992 3.30000102 0 P 0
L 23.24999922 16.92500044 23.24999922 18.47499988 0 P 0
L 23.50000126 32.3226811 23.50000126 36.22888106 0 P 0
L 26.50000034 41.95000246 26.50000034 44.3500002 0 P 0
L 26.50000034 41.95000246 27.69999794 41.95000246 0 P 0
L 26.50000034 44.3500002 27.69999794 44.3500002 0 P 0
L 26.62499628 43.15000768 27.57499692 43.15000514 0 P 0
L 26.6999974 24.2000024 26.6999974 26.60000014 0 P 0
L 26.6999974 24.2000024 27.899995 24.2000024 0 P 0
L 26.6999974 26.60000014 27.899995 26.60000014 0 P 0
L 26.69999994 27.99999988 26.69999994 30.39999762 0 P 0
L 26.69999994 27.99999988 27.89999754 27.99999988 0 P 0
L 26.69999994 30.39999762 27.89999754 30.39999762 0 P 0
L 26.69999994 31.8999997 26.69999994 34.29999744 0 P 0
L 26.69999994 31.8999997 27.89999754 31.8999997 0 P 0
L 26.69999994 34.29999744 27.89999754 34.29999744 0 P 0
L 26.69999994 38.1 26.69999994 40.49999774 0 P 0
L 26.69999994 38.1 27.89999754 38.1 0 P 0
L 26.69999994 40.49999774 27.89999754 40.49999774 0 P 0
L 26.82499842 25.39999746 27.77499906 25.39999492 0 P 0
L 26.82500096 29.19999494 27.7750016 29.1999924 0 P 0
L 26.82500096 33.09999476 27.7750016 33.09999222 0 P 0
L 26.82500096 39.29999506 27.7750016 39.29999252 0 P 0
L 26.89745192 45.66426732 26.89745192 48.06426506 0 P 0
L 26.89745192 45.66426732 28.09744952 45.66426732 0 P 0
L 26.89745192 48.06426506 28.09744952 48.06426506 0 P 0
L 27.02245294 46.86426238 27.97245358 46.86425984 0 P 0
L 27.0999966 42.67500482 27.0999966 43.62500546 0 P 0
L 27.09999914 13.3708902 27.09999914 16.02911196 0 P 0
L 27.09999914 13.3708902 28.70000102 13.3708902 0 P 0
L 27.09999914 16.02911196 28.70000102 16.02911196 0 P 0
L 27.12500036 8.20000138 27.12500036 11.69999946 0 P 0
L 27.12500036 8.20000138 28.6749998 8.20000138 0 P 0
L 27.12500036 11.69999946 28.6749998 11.69999946 0 P 0
L 27.29999874 24.92499714 27.29999874 25.87499778 0 P 0
L 27.30000128 28.72499462 27.30000128 29.67499526 0 P 0
L 27.30000128 32.62499444 27.30000128 33.57499508 0 P 0
L 27.30000128 38.82499474 27.30000128 39.77499538 0 P 0
L 27.49745326 46.38926206 27.49745326 47.3392627 0 P 0
L 27.69999794 41.95000246 27.69999794 44.3500002 0 P 0
L 27.899995 24.2000024 27.899995 26.60000014 0 P 0
L 27.89999754 27.99999988 27.89999754 30.39999762 0 P 0
L 27.89999754 31.8999997 27.89999754 34.29999744 0 P 0
L 27.89999754 38.1 27.89999754 40.49999774 0 P 0
L 28.09744952 45.66426732 28.09744952 48.06426506 0 P 0
L 28.6749998 8.20000138 28.6749998 11.69999946 0 P 0
L 28.70000102 13.3708902 28.70000102 16.02911196 0 P 0
L 29.82500004 13.0708908 29.82500004 15.32910828 0 P 0
L 29.82500004 13.0708908 30.97500028 13.0708908 0 P 0
L 29.82500004 15.32910828 30.97500028 15.32910828 0 P 0
L 29.92499984 10.27089132 29.92499984 12.5291088 0 P 0
L 29.92499984 10.27089132 31.07500008 10.27089132 0 P 0
L 29.92499984 12.5291088 31.07500008 12.5291088 0 P 0
L 30.97500028 13.0708908 30.97500028 15.32910828 0 P 0
L 31.07500008 10.27089132 31.07500008 12.5291088 0 P 0
L 31.44589088 14.99999794 31.44589088 19.0000001 0 P 0
L 31.44589088 14.99999794 36.55411028 14.99999794 0 P 0
L 31.44589088 19.0000001 36.55411028 19.0000001 0 P 0
L 33.60000138 37.9000004 33.60000138 39.099998 0 P 0
L 33.60000138 37.9000004 35.99999912 37.9000004 0 P 0
L 33.60000138 39.099998 35.99999912 39.099998 0 P 0
L 33.87088984 9.07089118 33.87088984 11.12910906 0 P 0
L 33.87088984 9.07089118 37.7291092 9.07089118 0 P 0
L 33.87088984 11.12910906 37.7291092 11.12910906 0 P 0
L 34.32500374 38.50000174 35.27500438 38.50000174 0 P 0
L 34.3750011 23.57499984 34.3750011 24.77499744 0 P 0
L 34.3750011 23.57499984 36.77499884 23.57499984 0 P 0
L 34.3750011 24.77499744 36.77499884 24.77499744 0 P 0
L 34.80000406 38.02500142 34.8000066 38.97500206 0 P 0
L 35.10000346 24.17500118 36.0500041 24.17500118 0 P 0
L 35.57500378 23.70000086 35.57500632 24.6500015 0 P 0
L 35.99999912 37.9000004 35.99999912 39.099998 0 P 0
L 36.55411028 14.99999794 36.55411028 19.0000001 0 P 0
L 36.77499884 23.57499984 36.77499884 24.77499744 0 P 0
L 37.12500068 15.97089008 37.12500068 18.22910756 0 P 0
L 37.12500068 15.97089008 38.27500092 15.97089008 0 P 0
L 37.12500068 18.22910756 38.27500092 18.22910756 0 P 0
L 37.7291092 9.07089118 37.7291092 11.12910906 0 P 0
L 38.04689876 35.50000012 38.04689876 37.5000012 0 P 0
L 38.04689876 35.50000012 41.95309872 35.50000012 0 P 0
L 38.04689876 37.5000012 41.95309872 37.5000012 0 P 0
L 38.27500092 15.97089008 38.27500092 18.22910756 0 P 0
L 41.00000182 37.70000334 41.00000182 40.10000108 0 P 0
L 41.00000182 37.70000334 42.19999942 37.70000334 0 P 0
L 41.00000182 40.10000108 42.19999942 40.10000108 0 P 0
L 41.00000182 41.50000336 41.00000182 43.9000011 0 P 0
L 41.00000182 41.50000336 42.19999942 41.50000336 0 P 0
L 41.00000182 43.9000011 42.19999942 43.9000011 0 P 0
L 41.00000182 45.30000084 41.00000182 47.69999858 0 P 0
L 41.00000182 45.30000084 42.19999942 45.30000084 0 P 0
L 41.00000182 47.69999858 42.19999942 47.69999858 0 P 0
L 41.12499776 38.90000856 42.0749984 38.90000602 0 P 0
L 41.12499776 42.70000858 42.0749984 42.70000604 0 P 0
L 41.12500284 46.4999959 42.07500348 46.49999336 0 P 0
L 41.59999808 38.4250057 41.59999808 39.37500634 0 P 0
L 41.59999808 42.22500572 41.59999808 43.17500636 0 P 0
L 41.60000316 46.02499558 41.60000316 46.97499622 0 P 0
L 41.80000022 31.0000015 41.80000022 33.39999924 0 P 0
L 41.80000022 31.0000015 42.99999782 31.0000015 0 P 0
L 41.80000022 33.39999924 42.99999782 33.39999924 0 P 0
L 41.90000256 27.30000128 41.90000256 29.69999902 0 P 0
L 41.90000256 27.30000128 43.10000016 27.30000128 0 P 0
L 41.90000256 29.69999902 43.10000016 29.69999902 0 P 0
L 41.92500124 32.19999656 42.87500188 32.19999402 0 P 0
L 41.95309872 35.50000012 41.95309872 37.5000012 0 P 0
L 42.00000236 23.20000186 42.00000236 25.5999996 0 P 0
L 42.00000236 23.20000186 43.19999996 23.20000186 0 P 0
L 42.00000236 25.5999996 43.19999996 25.5999996 0 P 0
L 42.02500358 28.49999634 42.97500422 28.4999938 0 P 0
L 42.12500338 24.39999692 43.07500402 24.39999438 0 P 0
L 42.19999942 37.70000334 42.19999942 40.10000108 0 P 0
L 42.19999942 41.50000336 42.19999942 43.9000011 0 P 0
L 42.19999942 45.30000084 42.19999942 47.69999858 0 P 0
L 42.40000156 31.72499624 42.40000156 32.67499688 0 P 0
L 42.5000039 28.02499602 42.5000039 28.97499666 0 P 0
L 42.6000037 23.9249966 42.6000037 24.87499724 0 P 0
L 42.99999782 31.0000015 42.99999782 33.39999924 0 P 0
L 43.10000016 27.30000128 43.10000016 29.69999902 0 P 0
L 43.19999996 23.20000186 43.19999996 25.5999996 0 P 0
L 46.89999764 23.99999772 46.89999764 25.19999532 0 P 0
L 46.89999764 23.99999772 49.29999538 23.99999772 0 P 0
L 46.89999764 25.19999532 49.29999538 25.19999532 0 P 0
L 47.625 24.59999906 48.57500064 24.59999906 0 P 0
L 48.10000032 24.12499874 48.10000286 25.07499938 0 P 0
L 49.29999538 23.99999772 49.29999538 25.19999532 0 P 0
L 49.9000018 38.0000002 49.9000018 39.1999978 0 P 0
L 49.9000018 38.0000002 52.29999954 38.0000002 0 P 0
L 49.9000018 39.1999978 52.29999954 39.1999978 0 P 0
L 50.62500416 38.60000154 51.5750048 38.60000154 0 P 0
L 51.10000448 38.12500122 51.10000702 39.07500186 0 P 0
L 52.29999954 38.0000002 52.29999954 39.1999978 0 P 0
L 76.52435546 12.92151848 76.52435546 43.72151784 0 P 0
L 76.52435546 12.92151848 84.57435714 12.92151848 0 P 0
L 76.52435546 43.72151784 84.57435714 43.72151784 0 P 0
L 84.57435714 12.92151848 84.57435714 43.72151784 0 P 0
