UNITS=MM
#Layer_Color=32768
#
#Feature symbol names
#
$0 r199.9996

#
#Feature attribute names
#

#
#Layer features
#
L 6.64500068 50.09000142 6.64500068 55.37000102 0 P 0
L 6.64500068 50.09000142 58.29500152 50.09000142 0 P 0
L 6.64500068 55.37000102 58.29500152 55.37000102 0 P 0
L 7.60000004 43.74999886 7.60000004 45.25000094 0 P 0
L 7.60000004 43.74999886 9.90000052 43.74999886 0 P 0
L 7.60000004 45.25000094 9.90000052 45.25000094 0 P 0
L 9.4750001 38.62500022 9.4750001 40.37499926 0 P 0
L 9.4750001 38.62500022 12.52500162 38.62500022 0 P 0
L 9.4750001 40.37499926 12.52500162 40.37499926 0 P 0
L 9.90000052 43.74999886 9.90000052 45.25000094 0 P 0
L 12.52500162 38.62500022 12.52500162 40.37499926 0 P 0
L 18.6000009 11.24999782 18.6000009 12.7499999 0 P 0
L 18.6000009 11.24999782 20.90000138 11.24999782 0 P 0
L 18.6000009 12.7499999 20.90000138 12.7499999 0 P 0
L 18.6500008 19.9499982 18.6500008 21.45000028 0 P 0
L 18.6500008 19.9499982 20.95000128 19.9499982 0 P 0
L 18.6500008 21.45000028 20.95000128 21.45000028 0 P 0
L 20.90000138 11.24999782 20.90000138 12.7499999 0 P 0
L 20.95000128 19.9499982 20.95000128 21.45000028 0 P 0
L 21.59999998 45.2499984 21.59999998 46.75000048 0 P 0
L 21.59999998 45.2499984 23.90000046 45.2499984 0 P 0
L 21.59999998 46.75000048 23.90000046 46.75000048 0 P 0
L 21.84999948 36.99999966 21.84999948 38.50000174 0 P 0
L 21.84999948 36.99999966 24.14999996 36.99999966 0 P 0
L 21.84999948 38.50000174 24.14999996 38.50000174 0 P 0
L 22.09999898 28.49999888 22.09999898 30.00000096 0 P 0
L 22.09999898 28.49999888 24.39999946 28.49999888 0 P 0
L 22.09999898 30.00000096 24.39999946 30.00000096 0 P 0
L 22.724999 7.32499932 22.724999 9.07499836 0 P 0
L 22.724999 7.32499932 25.77500052 7.32499932 0 P 0
L 22.724999 9.07499836 25.77500052 9.07499836 0 P 0
L 22.9249986 15.8250001 22.9249986 17.57499914 0 P 0
L 22.9249986 15.8250001 25.97500012 15.8250001 0 P 0
L 22.9249986 17.57499914 25.97500012 17.57499914 0 P 0
L 23.90000046 45.2499984 23.90000046 46.75000048 0 P 0
L 24.14999996 36.99999966 24.14999996 38.50000174 0 P 0
L 24.39999946 28.49999888 24.39999946 30.00000096 0 P 0
L 25.77500052 7.32499932 25.77500052 9.07499836 0 P 0
L 25.97500012 15.8250001 25.97500012 17.57499914 0 P 0
L 26.72499862 24.32500088 26.72499862 26.07499992 0 P 0
L 26.72499862 24.32500088 29.77500014 24.32500088 0 P 0
L 26.72499862 26.07499992 29.77500014 26.07499992 0 P 0
L 26.72499862 32.87500156 26.72499862 34.6250006 0 P 0
L 26.72499862 32.87500156 29.77500014 32.87500156 0 P 0
L 26.72499862 34.6250006 29.77500014 34.6250006 0 P 0
L 26.72499862 41.0750004 26.72499862 42.82499944 0 P 0
L 26.72499862 41.0750004 29.77500014 41.0750004 0 P 0
L 26.72499862 42.82499944 29.77500014 42.82499944 0 P 0
L 29.77500014 24.32500088 29.77500014 26.07499992 0 P 0
L 29.77500014 32.87500156 29.77500014 34.6250006 0 P 0
L 29.77500014 41.0750004 29.77500014 42.82499944 0 P 0
L 34.59999938 11.49999986 34.59999938 13.00000194 0 P 0
L 34.59999938 11.49999986 36.89999986 11.49999986 0 P 0
L 34.59999938 13.00000194 36.89999986 13.00000194 0 P 0
L 34.69999918 19.9999981 34.69999918 21.50000018 0 P 0
L 34.69999918 19.9999981 36.99999966 19.9999981 0 P 0
L 34.69999918 21.50000018 36.99999966 21.50000018 0 P 0
L 36.89999986 11.49999986 36.89999986 13.00000194 0 P 0
L 36.99999966 19.9999981 36.99999966 21.50000018 0 P 0
L 38.62500022 44.77499808 38.62500022 46.27500016 0 P 0
L 38.62500022 44.77499808 40.9250007 44.77499808 0 P 0
L 38.62500022 46.27500016 40.9250007 46.27500016 0 P 0
L 38.8499985 36.75000016 38.8499985 38.25000224 0 P 0
L 38.8499985 36.75000016 41.14999898 36.75000016 0 P 0
L 38.8499985 38.25000224 41.14999898 38.25000224 0 P 0
L 39.10000054 28.24999938 39.10000054 29.75000146 0 P 0
L 39.10000054 28.24999938 41.40000102 28.24999938 0 P 0
L 39.10000054 29.75000146 41.40000102 29.75000146 0 P 0
L 39.72499802 7.12499972 39.72499802 8.87499876 0 P 0
L 39.72499802 7.12499972 42.77499954 7.12499972 0 P 0
L 39.72499802 8.87499876 42.77499954 8.87499876 0 P 0
L 39.72499802 15.5750006 39.72499802 17.32499964 0 P 0
L 39.72499802 15.5750006 42.77499954 15.5750006 0 P 0
L 39.72499802 17.32499964 42.77499954 17.32499964 0 P 0
L 40.9250007 44.77499808 40.9250007 46.27500016 0 P 0
L 41.14999898 36.75000016 41.14999898 38.25000224 0 P 0
L 41.40000102 28.24999938 41.40000102 29.75000146 0 P 0
L 42.77499954 7.12499972 42.77499954 8.87499876 0 P 0
L 42.77499954 15.5750006 42.77499954 17.32499964 0 P 0
L 43.92499978 24.17500118 43.92499978 25.92500022 0 P 0
L 43.92499978 24.17500118 46.9750013 24.17500118 0 P 0
L 43.92499978 25.92500022 46.9750013 25.92500022 0 P 0
L 43.97499968 32.87500156 43.97499968 34.6250006 0 P 0
L 43.97499968 32.87500156 47.0250012 32.87500156 0 P 0
L 43.97499968 34.6250006 47.0250012 34.6250006 0 P 0
L 43.97499968 41.1250003 43.97499968 42.87499934 0 P 0
L 43.97499968 41.1250003 47.0250012 41.1250003 0 P 0
L 43.97499968 42.87499934 47.0250012 42.87499934 0 P 0
L 46.9750013 24.17500118 46.9750013 25.92500022 0 P 0
L 47.0250012 32.87500156 47.0250012 34.6250006 0 P 0
L 47.0250012 41.1250003 47.0250012 42.87499934 0 P 0
L 55.60000056 11.99999886 55.60000056 13.50000094 0 P 0
L 55.60000056 11.99999886 57.90000104 11.99999886 0 P 0
L 55.60000056 13.50000094 57.90000104 13.50000094 0 P 0
L 55.60000056 20.25000014 55.60000056 21.75000222 0 P 0
L 55.60000056 20.25000014 57.90000104 20.25000014 0 P 0
L 55.60000056 21.75000222 57.90000104 21.75000222 0 P 0
L 55.60000056 28.49999888 55.60000056 30.00000096 0 P 0
L 55.60000056 28.49999888 57.90000104 28.49999888 0 P 0
L 55.60000056 30.00000096 57.90000104 30.00000096 0 P 0
L 55.60000056 36.99999966 55.60000056 38.50000174 0 P 0
L 55.60000056 36.99999966 57.90000104 36.99999966 0 P 0
L 55.60000056 38.50000174 57.90000104 38.50000174 0 P 0
L 56.34999906 45.2499984 56.34999906 46.75000048 0 P 0
L 56.34999906 45.2499984 58.64999954 45.2499984 0 P 0
L 56.34999906 46.75000048 58.64999954 46.75000048 0 P 0
L 57.90000104 11.99999886 57.90000104 13.50000094 0 P 0
L 57.90000104 20.25000014 57.90000104 21.75000222 0 P 0
L 57.90000104 28.49999888 57.90000104 30.00000096 0 P 0
L 57.90000104 36.99999966 57.90000104 38.50000174 0 P 0
L 58.29500152 50.09000142 58.29500152 55.37000102 0 P 0
L 58.64999954 45.2499984 58.64999954 46.75000048 0 P 0
L 60.7249992 32.62499952 60.7249992 34.37499856 0 P 0
L 60.7249992 32.62499952 63.77500072 32.62499952 0 P 0
L 60.7249992 34.37499856 63.77500072 34.37499856 0 P 0
L 60.7249992 41.1250003 60.7249992 42.87499934 0 P 0
L 60.7249992 41.1250003 63.77500072 41.1250003 0 P 0
L 60.7249992 42.87499934 63.77500072 42.87499934 0 P 0
L 60.7749991 24.42500068 60.7749991 26.17499972 0 P 0
L 60.7749991 24.42500068 63.82500062 24.42500068 0 P 0
L 60.7749991 26.17499972 63.82500062 26.17499972 0 P 0
L 60.9749987 8.57499936 60.9749987 10.3249984 0 P 0
L 60.9749987 8.57499936 64.02500022 8.57499936 0 P 0
L 60.9749987 10.3249984 64.02500022 10.3249984 0 P 0
L 61.00167124 16.01557376 61.00167124 17.7655728 0 P 0
L 61.00167124 16.01557376 64.05167276 16.01557376 0 P 0
L 61.00167124 17.7655728 64.05167276 17.7655728 0 P 0
L 63.77500072 32.62499952 63.77500072 34.37499856 0 P 0
L 63.77500072 41.1250003 63.77500072 42.87499934 0 P 0
L 63.82500062 24.42500068 63.82500062 26.17499972 0 P 0
L 64.02500022 8.57499936 64.02500022 10.3249984 0 P 0
L 64.05167276 16.01557376 64.05167276 17.7655728 0 P 0
