UNITS=MM
#Layer_Color=8388736
#
#Feature symbol names
#
$0 r199.9996

#
#Feature attribute names
#

#
#Layer features
#
L 7.6499974 42.27500054 7.6499974 43.72500018 0 P 0
L 7.6499974 42.27500054 9.84999808 42.27500054 0 P 0
L 7.6499974 43.72500018 9.84999808 43.72500018 0 P 0
L 9.84999808 42.27500054 9.84999808 43.72500018 0 P 0
L 12.6000002 16.50000002 12.6000002 17.9000023 0 P 0
L 12.6000002 16.50000002 15.59999928 16.50000002 0 P 0
L 12.6000002 17.9000023 15.59999928 17.9000023 0 P 0
L 15.59999928 16.50000002 15.59999928 17.9000023 0 P 0
L 19.7999985 1.87500006 19.7999985 3.1250001 0 P 0
L 19.7999985 1.87500006 21.79999958 1.87500006 0 P 0
L 19.7999985 3.1250001 21.79999958 3.1250001 0 P 0
L 20.44999974 17.02500024 20.44999974 18.37500008 0 P 0
L 20.44999974 17.02500024 22.55000062 17.02500024 0 P 0
L 20.44999974 18.37500008 22.55000062 18.37500008 0 P 0
L 21.69999978 32.67578174 21.69999978 35.87578042 0 P 0
L 21.69999978 32.67578174 23.30000166 32.67578174 0 P 0
L 21.69999978 35.87578042 23.30000166 35.87578042 0 P 0
L 21.79999958 1.87500006 21.79999958 3.1250001 0 P 0
L 22.55000062 17.02500024 22.55000062 18.37500008 0 P 0
L 23.30000166 32.67578174 23.30000166 35.87578042 0 P 0
L 27.22500016 8.89999998 27.22500016 11.00000086 0 P 0
L 27.22500016 8.89999998 28.575 8.89999998 0 P 0
L 27.22500016 11.00000086 28.575 11.00000086 0 P 0
L 27.27500006 13.70000054 27.27500006 15.70000162 0 P 0
L 27.27500006 13.70000054 28.5250001 13.70000054 0 P 0
L 27.27500006 15.70000162 28.5250001 15.70000162 0 P 0
L 28.5250001 13.70000054 28.5250001 15.70000162 0 P 0
L 28.575 8.89999998 28.575 11.00000086 0 P 0
L 30.00000096 13.3999986 30.00000096 15.00000048 0 P 0
L 30.00000096 13.3999986 30.79999936 13.3999986 0 P 0
L 30.00000096 15.00000048 30.79999936 15.00000048 0 P 0
L 30.10000076 10.59999912 30.10000076 12.200001 0 P 0
L 30.10000076 10.59999912 30.89999916 10.59999912 0 P 0
L 30.10000076 12.200001 30.89999916 12.200001 0 P 0
L 30.79999936 13.3999986 30.79999936 15.00000048 0 P 0
L 30.89999916 10.59999912 30.89999916 12.200001 0 P 0
L 33.19999964 15.49999948 33.19999964 18.49999856 0 P 0
L 33.19999964 15.49999948 34.80000152 15.49999948 0 P 0
L 33.19999964 18.49999856 34.80000152 18.49999856 0 P 0
L 34.20000018 5.05000006 34.20000018 7.94999934 0 P 0
L 34.20000018 5.05000006 35.80000206 5.05000006 0 P 0
L 34.20000018 7.94999934 35.80000206 7.94999934 0 P 0
L 34.80000152 15.49999948 34.80000152 18.49999856 0 P 0
L 34.99999858 9.70000092 34.99999858 10.49999932 0 P 0
L 34.99999858 9.70000092 36.60000046 9.70000092 0 P 0
L 34.99999858 10.49999932 36.60000046 10.49999932 0 P 0
L 35.80000206 5.05000006 35.80000206 7.94999934 0 P 0
L 36.60000046 9.70000092 36.60000046 10.49999932 0 P 0
L 37.3000016 16.29999788 37.3000016 17.89999976 0 P 0
L 37.3000016 16.29999788 38.1 16.29999788 0 P 0
L 37.3000016 17.89999976 38.1 17.89999976 0 P 0
L 38.1 16.29999788 38.1 17.89999976 0 P 0
L 38.3999994 35.69999972 38.3999994 37.3000016 0 P 0
L 38.3999994 35.69999972 41.59999808 35.69999972 0 P 0
L 38.3999994 37.3000016 41.59999808 37.3000016 0 P 0
L 41.59999808 35.69999972 41.59999808 37.3000016 0 P 0
L 77.6743557 13.27152032 77.6743557 43.371516 0 P 0
L 77.6743557 13.27152032 84.47435734 13.27152032 0 P 0
L 77.6743557 43.371516 84.47435734 43.371516 0 P 0
L 84.47435734 13.27152032 84.47435734 43.371516 0 P 0
