UNITS=MM
#Layer_Color=9474304
#
#Feature symbol names
#
$0 r169.33164
$1 r127

#
#Feature attribute names
#

#
#Layer features
#
A 4.00800062 3.50000062 4.00800062 3.50000062 3.50000062 3.50000062 0 P 0 N
A 4.00800062 52.49999914 4.00800062 52.49999914 3.50000062 52.49999914 0 P 0 N
A 62.00799892 3.50000062 62.00799892 3.50000062 61.49999892 3.50000062 0 P 0 N
A 62.00799892 52.49999914 62.00799892 52.49999914 61.49999892 52.49999914 0 P 0 N
L 1.76699926 45.38300042 2.27499926 44.36700042 1 P 0
L 1.76699926 45.38300042 2.78299926 45.38300042 1 P 0
L 2.27499926 44.36700042 2.78299926 45.38300042 1 P 0
L 2.5948132 46.11081456 3.1028132 45.09481456 1 P 0
L 2.5948132 46.11081456 3.6108132 46.11081456 1 P 0
L 2.77814786 41.38878946 3.28614786 40.37278946 1 P 0
L 2.77814786 41.38878946 3.79414786 41.38878946 1 P 0
L 3.1028132 45.09481456 3.6108132 46.11081456 1 P 0
L 3.16907418 42.48246266 3.67707418 41.46646266 1 P 0
L 3.16907418 42.48246266 4.18507418 42.48246266 1 P 0
L 3.28614786 40.37278946 3.79414786 41.38878946 1 P 0
L 3.64199932 11.63299934 4.14999932 10.61699934 1 P 0
L 3.64199932 11.63299934 4.65799932 11.63299934 1 P 0
L 3.67707418 41.46646266 4.18507418 42.48246266 1 P 0
L 4.14999932 10.61699934 4.65799932 11.63299934 1 P 0
L 4.26699934 42.75799932 4.77499934 41.74199932 1 P 0
L 4.26699934 42.75799932 5.28299934 42.75799932 1 P 0
L 4.77499934 41.74199932 5.28299934 42.75799932 1 P 0
L 5.11700018 42.63300084 5.62500018 41.61700084 1 P 0
L 5.11700018 42.63300084 6.13300018 42.63300084 1 P 0
L 5.3169312 37.9829314 5.8249312 36.9669314 1 P 0
L 5.3169312 37.9829314 6.3329312 37.9829314 1 P 0
L 5.471287 24.57871132 5.979287 23.56271132 1 P 0
L 5.471287 24.57871132 6.487287 24.57871132 1 P 0
L 5.62500018 41.61700084 6.13300018 42.63300084 1 P 0
L 5.8249312 36.9669314 6.3329312 37.9829314 1 P 0
L 5.979287 23.56271132 6.487287 24.57871132 1 P 0
L 6.47808204 35.54408436 6.98608204 34.52808436 1 P 0
L 6.47808204 35.54408436 7.49408204 35.54408436 1 P 0
L 6.66699962 40.05799964 7.17499962 39.04199964 1 P 0
L 6.66699962 40.05799964 7.68299962 40.05799964 1 P 0
L 6.71699952 29.7080051 7.22499952 28.6920051 1 P 0
L 6.71699952 29.7080051 7.73299952 29.7080051 1 P 0
L 6.8919979 25.0204605 7.3999979 24.0044605 1 P 0
L 6.8919979 25.0204605 7.9079979 25.0204605 1 P 0
L 6.98608204 34.52808436 7.49408204 35.54408436 1 P 0
L 6.99200024 28.90800162 7.50000024 27.89200162 1 P 0
L 6.99200024 28.90800162 8.00800024 28.90800162 1 P 0
L 7.01699892 34.40800078 7.52499892 33.39200078 1 P 0
L 7.01699892 34.40800078 8.03299892 34.40800078 1 P 0
L 7.06699882 48.48899878 7.57499882 47.47299878 1 P 0
L 7.06699882 48.48899878 8.08299882 48.48899878 1 P 0
L 7.16700116 36.95801092 7.67500116 35.94201092 1 P 0
L 7.16700116 36.95801092 8.18300116 36.95801092 1 P 0
L 7.17499962 39.04199964 7.68299962 40.05799964 1 P 0
L 7.21699852 23.00530324 7.72499852 21.98930324 1 P 0
L 7.21699852 23.00530324 8.23299852 23.00530324 1 P 0
L 7.22499952 28.6920051 7.73299952 29.7080051 1 P 0
L 7.3999979 24.0044605 7.9079979 25.0204605 1 P 0
L 7.41801158 24.55860722 7.92601158 23.54260722 1 P 0
L 7.41801158 24.55860722 8.43401158 24.55860722 1 P 0
L 7.45590076 32.93372382 7.96390076 31.91772382 1 P 0
L 7.45590076 32.93372382 8.47190076 32.93372382 1 P 0
L 7.50000024 27.89200162 8.00800024 28.90800162 1 P 0
L 7.52499892 33.39200078 8.03299892 34.40800078 1 P 0
L 7.57499882 47.47299878 8.08299882 48.48899878 1 P 0
L 7.67500116 35.94201092 8.18300116 36.95801092 1 P 0
L 7.72499852 21.98930324 8.23299852 23.00530324 1 P 0
L 7.8320011 50.95200122 8.0860011 51.46000122 1 P 0
L 7.8320011 50.95200122 8.3400011 51.20600122 1 P 0
L 7.8320011 51.96800122 8.0860011 51.46000122 1 P 0
L 7.8320011 51.96800122 8.3400011 51.71400122 1 P 0
L 7.8320011 53.49200122 8.0860011 54.00000122 1 P 0
L 7.8320011 53.49200122 8.3400011 53.74600122 1 P 0
L 7.8320011 54.50800122 8.0860011 54.00000122 1 P 0
L 7.8320011 54.50800122 8.3400011 54.25400122 1 P 0
L 7.92601158 23.54260722 8.43401158 24.55860722 1 P 0
L 7.96390076 31.91772382 8.47190076 32.93372382 1 P 0
L 7.96699956 47.22699978 8.47499956 46.21099978 1 P 0
L 7.96699956 47.22699978 8.98299956 47.22699978 1 P 0
L 7.98745926 31.92337024 8.49545926 30.90737024 1 P 0
L 7.98745926 31.92337024 9.00345926 31.92337024 1 P 0
L 8.048625 29.6096817 8.556625 28.5936817 1 P 0
L 8.048625 29.6096817 9.064625 29.6096817 1 P 0
L 8.09753778 26.42459282 8.60553778 25.40859282 1 P 0
L 8.09753778 26.42459282 9.11353778 26.42459282 1 P 0
L 8.19200038 24.53299894 8.70000038 23.51699894 1 P 0
L 8.19200038 24.53299894 9.20800038 24.53299894 1 P 0
L 8.26699896 45.03300112 8.77499896 44.01700112 1 P 0
L 8.26699896 45.03300112 9.28299896 45.03300112 1 P 0
L 8.33580248 1.26240794 8.84380248 0.24640794 1 P 0
L 8.33580248 1.26240794 9.35180248 1.26240794 1 P 0
L 8.3400011 51.20600122 8.8480011 50.95200122 1 P 0
L 8.3400011 51.71400122 8.8480011 51.96800122 1 P 0
L 8.3400011 53.74600122 8.8480011 53.49200122 1 P 0
L 8.3400011 54.25400122 8.8480011 54.50800122 1 P 0
L 8.47499956 46.21099978 8.98299956 47.22699978 1 P 0
L 8.49199978 10.93600048 8.74599978 10.93600048 1 P 0
L 8.49199978 10.93600048 8.74599978 11.19000048 1 P 0
L 8.49199978 11.44400048 8.74599978 11.19000048 1 P 0
L 8.49199978 11.44400048 8.74599978 11.44400048 1 P 0
L 8.49199978 14.74600048 8.74599978 14.74600048 1 P 0
L 8.49199978 14.74600048 8.74599978 15.00000048 1 P 0
L 8.49199978 15.25400048 8.74599978 15.00000048 1 P 0
L 8.49199978 15.25400048 8.74599978 15.25400048 1 P 0
L 8.49199978 22.50799918 8.99999978 21.49199918 1 P 0
L 8.49199978 22.50799918 9.50799978 22.50799918 1 P 0
L 8.49545926 30.90737024 9.00345926 31.92337024 1 P 0
L 8.556625 28.5936817 9.064625 29.6096817 1 P 0
L 8.57000318 41.62651314 9.07800318 40.61051314 1 P 0
L 8.57000318 41.62651314 9.58600318 41.62651314 1 P 0
L 8.5940011 51.46000122 8.8480011 50.95200122 1 P 0
L 8.5940011 51.46000122 8.8480011 51.96800122 1 P 0
L 8.5940011 54.00000122 8.8480011 53.49200122 1 P 0
L 8.5940011 54.00000122 8.8480011 54.50800122 1 P 0
L 8.60553778 25.40859282 9.11353778 26.42459282 1 P 0
L 8.70000038 23.51699894 9.20800038 24.53299894 1 P 0
L 8.74599978 10.93600048 8.99999978 10.68200048 1 P 0
L 8.74599978 11.44400048 8.99999978 11.69800048 1 P 0
L 8.74599978 14.74600048 8.99999978 14.49200048 1 P 0
L 8.74599978 15.25400048 8.99999978 15.50800048 1 P 0
L 8.77499896 44.01700112 9.28299896 45.03300112 1 P 0
L 8.84380248 0.24640794 9.35180248 1.26240794 1 P 0
L 8.99199878 3.00800008 9.49999878 1.99200008 1 P 0
L 8.99199878 3.00800008 10.00799878 3.00800008 1 P 0
L 8.99999978 10.68200048 9.25399978 10.93600048 1 P 0
L 8.99999978 11.69800048 9.25399978 11.44400048 1 P 0
L 8.99999978 14.49200048 9.25399978 14.74600048 1 P 0
L 8.99999978 15.50800048 9.25399978 15.25400048 1 P 0
L 8.99999978 21.49199918 9.50799978 22.50799918 1 P 0
L 9.05265652 24.06865646 9.56065652 23.05265646 1 P 0
L 9.05265652 24.06865646 10.06865652 24.06865646 1 P 0
L 9.07800318 40.61051314 9.58600318 41.62651314 1 P 0
L 9.25399978 10.93600048 9.50799978 10.93600048 1 P 0
L 9.25399978 11.19000048 9.50799978 10.93600048 1 P 0
L 9.25399978 11.19000048 9.50799978 11.44400048 1 P 0
L 9.25399978 11.44400048 9.50799978 11.44400048 1 P 0
L 9.25399978 14.74600048 9.50799978 14.74600048 1 P 0
L 9.25399978 15.00000048 9.50799978 14.74600048 1 P 0
L 9.25399978 15.00000048 9.50799978 15.25400048 1 P 0
L 9.25399978 15.25400048 9.50799978 15.25400048 1 P 0
L 9.39506376 47.62382144 9.90306376 46.60782144 1 P 0
L 9.39506376 47.62382144 10.41106376 47.62382144 1 P 0
L 9.49999878 1.99200008 10.00799878 3.00800008 1 P 0
L 9.56065652 23.05265646 10.06865652 24.06865646 1 P 0
L 9.90306376 46.60782144 10.41106376 47.62382144 1 P 0
L 9.99199932 2.98299886 10.49999932 1.96699886 1 P 0
L 9.99199932 2.98299886 11.00799932 2.98299886 1 P 0
L 10.14199902 49.10799932 10.64999902 48.09199932 1 P 0
L 10.14199902 49.10799932 11.15799902 49.10799932 1 P 0
L 10.29199872 38.3649093 10.79999872 37.3489093 1 P 0
L 10.29199872 38.3649093 11.30799872 38.3649093 1 P 0
L 10.29345414 36.78100086 10.80145414 35.76500086 1 P 0
L 10.29345414 36.78100086 11.30945414 36.78100086 1 P 0
L 10.3720011 50.95200122 10.6260011 51.46000122 1 P 0
L 10.3720011 50.95200122 10.8800011 51.20600122 1 P 0
L 10.3720011 51.96800122 10.6260011 51.46000122 1 P 0
L 10.3720011 51.96800122 10.8800011 51.71400122 1 P 0
L 10.3720011 53.49200122 10.6260011 54.00000122 1 P 0
L 10.3720011 53.49200122 10.8800011 53.74600122 1 P 0
L 10.3720011 54.50800122 10.6260011 54.00000122 1 P 0
L 10.3720011 54.50800122 10.8800011 54.25400122 1 P 0
L 10.49999932 1.96699886 11.00799932 2.98299886 1 P 0
L 10.59200066 40.25799924 11.10000066 39.24199924 1 P 0
L 10.59200066 40.25799924 11.60800066 40.25799924 1 P 0
L 10.64999902 48.09199932 11.15799902 49.10799932 1 P 0
L 10.79999872 37.3489093 11.30799872 38.3649093 1 P 0
L 10.80145414 35.76500086 11.30945414 36.78100086 1 P 0
L 10.8800011 51.20600122 11.3880011 50.95200122 1 P 0
L 10.8800011 51.71400122 11.3880011 51.96800122 1 P 0
L 10.8800011 53.74600122 11.3880011 53.49200122 1 P 0
L 10.8800011 54.25400122 11.3880011 54.50800122 1 P 0
L 11.06497152 49.3873028 11.57297152 48.3713028 1 P 0
L 11.06497152 49.3873028 12.08097152 49.3873028 1 P 0
L 11.10000066 39.24199924 11.60800066 40.25799924 1 P 0
L 11.12203008 34.75994572 11.63003008 33.74394572 1 P 0
L 11.12203008 34.75994572 12.13803008 34.75994572 1 P 0
L 11.1340011 51.46000122 11.3880011 50.95200122 1 P 0
L 11.1340011 51.46000122 11.3880011 51.96800122 1 P 0
L 11.1340011 54.00000122 11.3880011 53.49200122 1 P 0
L 11.1340011 54.00000122 11.3880011 54.50800122 1 P 0
L 11.20153462 50.0738521 11.70953462 49.0578521 1 P 0
L 11.20153462 50.0738521 12.21753462 50.0738521 1 P 0
L 11.34199916 2.43299996 11.84999916 1.41699996 1 P 0
L 11.34199916 2.43299996 12.35799916 2.43299996 1 P 0
L 11.41152404 35.99447462 11.91952404 34.97847462 1 P 0
L 11.41152404 35.99447462 12.42752404 35.99447462 1 P 0
L 11.57297152 48.3713028 12.08097152 49.3873028 1 P 0
L 11.63003008 33.74394572 12.13803008 34.75994572 1 P 0
L 11.70953462 49.0578521 12.21753462 50.0738521 1 P 0
L 11.84999916 1.41699996 12.35799916 2.43299996 1 P 0
L 11.91952404 34.97847462 12.42752404 35.99447462 1 P 0
L 12.192 39.107999 12.7 38.091999 1 P 0
L 12.192 39.107999 13.208 39.107999 1 P 0
L 12.39340676 6.75940482 12.90140676 5.74340482 1 P 0
L 12.39340676 6.75940482 13.40940676 6.75940482 1 P 0
L 12.4919994 29.4329993 12.9999994 28.4169993 1 P 0
L 12.4919994 29.4329993 13.5079994 29.4329993 1 P 0
L 12.51700062 44.08300048 13.02500062 43.06700048 1 P 0
L 12.51700062 44.08300048 13.53300062 44.08300048 1 P 0
L 12.60221762 32.85304326 13.11021762 31.83704326 1 P 0
L 12.60221762 32.85304326 13.61821762 32.85304326 1 P 0
L 12.7 38.091999 13.208 39.107999 1 P 0
L 12.90140676 5.74340482 13.40940676 6.75940482 1 P 0
L 12.9120011 50.95200122 13.1660011 51.46000122 1 P 0
L 12.9120011 50.95200122 13.4200011 51.20600122 1 P 0
L 12.9120011 51.96800122 13.1660011 51.46000122 1 P 0
L 12.9120011 51.96800122 13.4200011 51.71400122 1 P 0
L 12.9120011 53.49200122 13.1660011 54.00000122 1 P 0
L 12.9120011 53.49200122 13.4200011 53.74600122 1 P 0
L 12.9120011 54.50800122 13.1660011 54.00000122 1 P 0
L 12.9120011 54.50800122 13.4200011 54.25400122 1 P 0
L 12.94462486 36.00170346 13.45262486 34.98570346 1 P 0
L 12.94462486 36.00170346 13.96062486 36.00170346 1 P 0
L 12.9999994 28.4169993 13.5079994 29.4329993 1 P 0
L 13.02500062 43.06700048 13.53300062 44.08300048 1 P 0
L 13.06699952 33.75799954 13.57499952 32.74199954 1 P 0
L 13.06699952 33.75799954 14.08299952 33.75799954 1 P 0
L 13.11021762 31.83704326 13.61821762 32.85304326 1 P 0
L 13.1287901 34.76155862 13.6367901 33.74555862 1 P 0
L 13.1287901 34.76155862 14.1447901 34.76155862 1 P 0
L 13.2609336 37.06406608 13.7689336 36.04806608 1 P 0
L 13.2609336 37.06406608 14.2769336 37.06406608 1 P 0
L 13.29200034 38.60800254 13.80000034 37.59200254 1 P 0
L 13.29200034 38.60800254 14.30800034 38.60800254 1 P 0
L 13.34614298 37.85103936 13.85414298 36.83503936 1 P 0
L 13.34614298 37.85103936 14.36214298 37.85103936 1 P 0
L 13.36700146 28.85799918 13.87500146 27.84199918 1 P 0
L 13.36700146 28.85799918 14.38300146 28.85799918 1 P 0
L 13.39200014 11.4690017 13.90000014 10.4530017 1 P 0
L 13.39200014 11.4690017 14.40800014 11.4690017 1 P 0
L 13.39200014 39.70800034 13.90000014 38.69200034 1 P 0
L 13.39200014 39.70800034 14.40800014 39.70800034 1 P 0
L 13.4200011 51.20600122 13.9280011 50.95200122 1 P 0
L 13.4200011 51.71400122 13.9280011 51.96800122 1 P 0
L 13.4200011 53.74600122 13.9280011 53.49200122 1 P 0
L 13.4200011 54.25400122 13.9280011 54.50800122 1 P 0
L 13.45262486 34.98570346 13.96062486 36.00170346 1 P 0
L 13.57499952 32.74199954 14.08299952 33.75799954 1 P 0
L 13.6367901 33.74555862 14.1447901 34.76155862 1 P 0
L 13.6740011 51.46000122 13.9280011 50.95200122 1 P 0
L 13.6740011 51.46000122 13.9280011 51.96800122 1 P 0
L 13.6740011 54.00000122 13.9280011 53.49200122 1 P 0
L 13.6740011 54.00000122 13.9280011 54.50800122 1 P 0
L 13.7689336 36.04806608 14.2769336 37.06406608 1 P 0
L 13.80000034 37.59200254 14.30800034 38.60800254 1 P 0
L 13.85414298 36.83503936 14.36214298 37.85103936 1 P 0
L 13.87500146 27.84199918 14.38300146 28.85799918 1 P 0
L 13.90000014 10.4530017 14.40800014 11.4690017 1 P 0
L 13.90000014 38.69200034 14.40800014 39.70800034 1 P 0
L 14.0663295 32.80732834 14.5743295 31.79132834 1 P 0
L 14.0663295 32.80732834 15.0823295 32.80732834 1 P 0
L 14.49200048 22.88300478 15.00000048 21.86700478 1 P 0
L 14.49200048 22.88300478 15.50800048 22.88300478 1 P 0
L 14.5743295 31.79132834 15.0823295 32.80732834 1 P 0
L 14.79199988 49.09800188 15.29999988 48.08200188 1 P 0
L 14.79199988 49.09800188 15.80799988 49.09800188 1 P 0
L 15.00000048 21.86700478 15.50800048 22.88300478 1 P 0
L 15.29999988 48.08200188 15.80799988 49.09800188 1 P 0
L 15.4520011 50.95200122 15.7060011 51.46000122 1 P 0
L 15.4520011 50.95200122 15.9600011 51.20600122 1 P 0
L 15.4520011 51.96800122 15.7060011 51.46000122 1 P 0
L 15.4520011 51.96800122 15.9600011 51.71400122 1 P 0
L 15.4520011 53.49200122 15.7060011 54.00000122 1 P 0
L 15.4520011 53.49200122 15.9600011 53.74600122 1 P 0
L 15.4520011 54.50800122 15.7060011 54.00000122 1 P 0
L 15.4520011 54.50800122 15.9600011 54.25400122 1 P 0
L 15.94388734 29.73572666 16.45188734 28.71972666 1 P 0
L 15.94388734 29.73572666 16.95988734 29.73572666 1 P 0
L 15.9600011 51.20600122 16.4680011 50.95200122 1 P 0
L 15.9600011 51.71400122 16.4680011 51.96800122 1 P 0
L 15.9600011 53.74600122 16.4680011 53.49200122 1 P 0
L 15.9600011 54.25400122 16.4680011 54.50800122 1 P 0
L 16.2140011 51.46000122 16.4680011 50.95200122 1 P 0
L 16.2140011 51.46000122 16.4680011 51.96800122 1 P 0
L 16.2140011 54.00000122 16.4680011 53.49200122 1 P 0
L 16.2140011 54.00000122 16.4680011 54.50800122 1 P 0
L 16.2169983 38.65487062 16.7249983 37.63887062 1 P 0
L 16.2169983 38.65487062 17.2329983 38.65487062 1 P 0
L 16.31700064 36.85800096 16.82500064 35.84200096 1 P 0
L 16.31700064 36.85800096 17.33300064 36.85800096 1 P 0
L 16.31700064 46.15800014 16.82500064 45.14200014 1 P 0
L 16.31700064 46.15800014 17.33300064 46.15800014 1 P 0
L 16.45188734 28.71972666 16.95988734 29.73572666 1 P 0
L 16.5854888 40.07729856 17.0934888 39.06129856 1 P 0
L 16.5854888 40.07729856 17.6014888 40.07729856 1 P 0
L 16.7249983 37.63887062 17.2329983 38.65487062 1 P 0
L 16.82500064 35.84200096 17.33300064 36.85800096 1 P 0
L 16.82500064 45.14200014 17.33300064 46.15800014 1 P 0
L 17.0934888 39.06129856 17.6014888 40.07729856 1 P 0
L 17.14200026 33.93300046 17.65000026 32.91700046 1 P 0
L 17.14200026 33.93300046 18.15800026 33.93300046 1 P 0
L 17.19200016 46.50799944 17.70000016 45.49199944 1 P 0
L 17.19200016 46.50799944 18.20800016 46.50799944 1 P 0
L 17.2854874 40.07729856 17.7934874 39.06129856 1 P 0
L 17.2854874 40.07729856 18.3014874 40.07729856 1 P 0
L 17.51700078 29.582999 18.02500078 28.566999 1 P 0
L 17.51700078 29.582999 18.53300078 29.582999 1 P 0
L 17.65000026 32.91700046 18.15800026 33.93300046 1 P 0
L 17.70000016 45.49199944 18.20800016 46.50799944 1 P 0
L 17.7934874 39.06129856 18.3014874 40.07729856 1 P 0
L 17.93799816 33.07056632 18.44599816 32.05456632 1 P 0
L 17.93799816 33.07056632 18.95399816 33.07056632 1 P 0
L 17.9920011 50.95200122 18.2460011 51.46000122 1 P 0
L 17.9920011 50.95200122 18.5000011 51.20600122 1 P 0
L 17.9920011 51.96800122 18.2460011 51.46000122 1 P 0
L 17.9920011 51.96800122 18.5000011 51.71400122 1 P 0
L 17.9920011 53.49200122 18.2460011 54.00000122 1 P 0
L 17.9920011 53.49200122 18.5000011 53.74600122 1 P 0
L 17.9920011 54.50800122 18.2460011 54.00000122 1 P 0
L 17.9920011 54.50800122 18.5000011 54.25400122 1 P 0
L 18.02500078 28.566999 18.53300078 29.582999 1 P 0
L 18.04009092 38.95030056 18.54809092 37.93430056 1 P 0
L 18.04009092 38.95030056 19.05609092 38.95030056 1 P 0
L 18.44599816 32.05456632 18.95399816 33.07056632 1 P 0
L 18.5000011 51.20600122 19.0080011 50.95200122 1 P 0
L 18.5000011 51.71400122 19.0080011 51.96800122 1 P 0
L 18.5000011 53.74600122 19.0080011 53.49200122 1 P 0
L 18.5000011 54.25400122 19.0080011 54.50800122 1 P 0
L 18.54809092 37.93430056 19.05609092 38.95030056 1 P 0
L 18.7540011 51.46000122 19.0080011 50.95200122 1 P 0
L 18.7540011 51.46000122 19.0080011 51.96800122 1 P 0
L 18.7540011 54.00000122 19.0080011 53.49200122 1 P 0
L 18.7540011 54.00000122 19.0080011 54.50800122 1 P 0
L 19.49200064 42.60799962 20.00000064 41.59199962 1 P 0
L 19.49200064 42.60799962 20.50800064 42.60799962 1 P 0
L 20.00000064 41.59199962 20.50800064 42.60799962 1 P 0
L 20.19079274 41.48525104 20.69879274 40.46925104 1 P 0
L 20.19079274 41.48525104 21.20679274 41.48525104 1 P 0
L 20.22902228 25.9959729 20.73702228 24.9799729 1 P 0
L 20.22902228 25.9959729 21.24502228 25.9959729 1 P 0
L 20.39199884 29.70800002 20.89999884 28.69200002 1 P 0
L 20.39199884 29.70800002 21.40799884 29.70800002 1 P 0
L 20.39199884 43.83300098 20.89999884 42.81700098 1 P 0
L 20.39199884 43.83300098 21.40799884 43.83300098 1 P 0
L 20.41700006 44.93299878 20.92500006 43.91699878 1 P 0
L 20.41700006 44.93299878 21.43300006 44.93299878 1 P 0
L 20.46699996 48.0591876 20.97499996 47.0431876 1 P 0
L 20.46699996 48.0591876 21.48299996 48.0591876 1 P 0
L 20.5320011 50.95200122 20.7860011 51.46000122 1 P 0
L 20.5320011 50.95200122 21.0400011 51.20600122 1 P 0
L 20.5320011 51.96800122 20.7860011 51.46000122 1 P 0
L 20.5320011 51.96800122 21.0400011 51.71400122 1 P 0
L 20.5320011 53.49200122 20.7860011 54.00000122 1 P 0
L 20.5320011 53.49200122 21.0400011 53.74600122 1 P 0
L 20.5320011 54.50800122 20.7860011 54.00000122 1 P 0
L 20.5320011 54.50800122 21.0400011 54.25400122 1 P 0
L 20.69879274 40.46925104 21.20679274 41.48525104 1 P 0
L 20.73702228 24.9799729 21.24502228 25.9959729 1 P 0
L 20.89999884 28.69200002 21.40799884 29.70800002 1 P 0
L 20.89999884 42.81700098 21.40799884 43.83300098 1 P 0
L 20.92500006 43.91699878 21.43300006 44.93299878 1 P 0
L 20.97499996 47.0431876 21.48299996 48.0591876 1 P 0
L 21.0400011 51.20600122 21.5480011 50.95200122 1 P 0
L 21.0400011 51.71400122 21.5480011 51.96800122 1 P 0
L 21.0400011 53.74600122 21.5480011 53.49200122 1 P 0
L 21.0400011 54.25400122 21.5480011 54.50800122 1 P 0
L 21.24199968 36.09200046 21.24199968 36.34600046 1 P 0
L 21.24199968 36.09200046 21.49599968 36.09200046 1 P 0
L 21.24199968 36.34600046 21.49599968 36.60000046 1 P 0
L 21.24199968 36.85400046 21.24199968 37.10800046 1 P 0
L 21.24199968 36.85400046 21.49599968 36.60000046 1 P 0
L 21.24199968 37.10800046 21.49599968 37.10800046 1 P 0
L 21.2940011 51.46000122 21.5480011 50.95200122 1 P 0
L 21.2940011 51.46000122 21.5480011 51.96800122 1 P 0
L 21.2940011 54.00000122 21.5480011 53.49200122 1 P 0
L 21.2940011 54.00000122 21.5480011 54.50800122 1 P 0
L 21.49199918 6.5080007 21.99999918 5.4920007 1 P 0
L 21.49199918 6.5080007 22.50799918 6.5080007 1 P 0
L 21.49599968 36.09200046 21.74999968 36.34600046 1 P 0
L 21.49599968 37.10800046 21.74999968 36.85400046 1 P 0
L 21.64199888 34.06624378 21.64199888 34.32024378 1 P 0
L 21.64199888 34.06624378 21.89599888 34.06624378 1 P 0
L 21.64199888 34.32024378 21.89599888 34.57424378 1 P 0
L 21.64199888 34.82824378 21.64199888 35.08224378 1 P 0
L 21.64199888 34.82824378 21.89599888 34.57424378 1 P 0
L 21.64199888 35.08224378 21.89599888 35.08224378 1 P 0
L 21.74999968 36.34600046 22.00399968 36.09200046 1 P 0
L 21.74999968 36.85400046 22.00399968 37.10800046 1 P 0
L 21.89599888 34.06624378 22.14999888 34.32024378 1 P 0
L 21.89599888 35.08224378 22.14999888 34.82824378 1 P 0
L 21.99999918 5.4920007 22.50799918 6.5080007 1 P 0
L 22.00399968 36.09200046 22.25799968 36.09200046 1 P 0
L 22.00399968 36.60000046 22.25799968 36.34600046 1 P 0
L 22.00399968 36.60000046 22.25799968 36.85400046 1 P 0
L 22.00399968 37.10800046 22.25799968 37.10800046 1 P 0
L 22.09200052 46.08827968 22.60000052 45.07227968 1 P 0
L 22.09200052 46.08827968 23.10800052 46.08827968 1 P 0
L 22.14200042 25.33299988 22.65000042 24.31699988 1 P 0
L 22.14200042 25.33299988 23.15800042 25.33299988 1 P 0
L 22.14999888 34.32024378 22.40399888 34.06624378 1 P 0
L 22.14999888 34.82824378 22.40399888 35.08224378 1 P 0
L 22.25799968 36.09200046 22.25799968 36.34600046 1 P 0
L 22.25799968 36.85400046 22.25799968 37.10800046 1 P 0
L 22.39199992 47.18351752 22.89999992 46.16751752 1 P 0
L 22.39199992 47.18351752 23.40799992 47.18351752 1 P 0
L 22.40399888 34.06624378 22.65799888 34.06624378 1 P 0
L 22.40399888 34.57424378 22.65799888 34.32024378 1 P 0
L 22.40399888 34.57424378 22.65799888 34.82824378 1 P 0
L 22.40399888 35.08224378 22.65799888 35.08224378 1 P 0
L 22.49199972 20.0079991 22.99999972 18.9919991 1 P 0
L 22.49199972 20.0079991 23.50799972 20.0079991 1 P 0
L 22.60000052 45.07227968 23.10800052 46.08827968 1 P 0
L 22.65000042 24.31699988 23.15800042 25.33299988 1 P 0
L 22.65799888 34.06624378 22.65799888 34.32024378 1 P 0
L 22.65799888 34.82824378 22.65799888 35.08224378 1 P 0
L 22.66700064 17.02459384 23.17500064 16.00859384 1 P 0
L 22.66700064 17.02459384 23.68300064 17.02459384 1 P 0
L 22.85745238 48.18031004 23.36545238 47.16431004 1 P 0
L 22.85745238 48.18031004 23.87345238 48.18031004 1 P 0
L 22.89999992 46.16751752 23.40799992 47.18351752 1 P 0
L 22.91700014 42.1329993 23.42500014 41.1169993 1 P 0
L 22.91700014 42.1329993 23.93300014 42.1329993 1 P 0
L 22.99999972 18.9919991 23.50799972 20.0079991 1 P 0
L 23.01133574 30.81322514 23.51933574 29.79722514 1 P 0
L 23.01133574 30.81322514 24.02733574 30.81322514 1 P 0
L 23.0720011 50.95200122 23.3260011 51.46000122 1 P 0
L 23.0720011 50.95200122 23.5800011 51.20600122 1 P 0
L 23.0720011 51.96800122 23.3260011 51.46000122 1 P 0
L 23.0720011 51.96800122 23.5800011 51.71400122 1 P 0
L 23.0720011 53.49200122 23.3260011 54.00000122 1 P 0
L 23.0720011 53.49200122 23.5800011 53.74600122 1 P 0
L 23.0720011 54.50800122 23.3260011 54.00000122 1 P 0
L 23.0720011 54.50800122 23.5800011 54.25400122 1 P 0
L 23.16699964 44.7080005 23.67499964 43.6920005 1 P 0
L 23.16699964 44.7080005 24.18299964 44.7080005 1 P 0
L 23.17500064 16.00859384 23.68300064 17.02459384 1 P 0
L 23.36545238 47.16431004 23.87345238 48.18031004 1 P 0
L 23.42500014 41.1169993 23.93300014 42.1329993 1 P 0
L 23.46699904 17.50209606 23.97499904 16.48609606 1 P 0
L 23.46699904 17.50209606 24.48299904 17.50209606 1 P 0
L 23.50310006 20.0190989 24.01110006 19.0030989 1 P 0
L 23.50310006 20.0190989 24.51910006 20.0190989 1 P 0
L 23.51933574 29.79722514 24.02733574 30.81322514 1 P 0
L 23.5800011 51.20600122 24.0880011 50.95200122 1 P 0
L 23.5800011 51.71400122 24.0880011 51.96800122 1 P 0
L 23.5800011 53.74600122 24.0880011 53.49200122 1 P 0
L 23.5800011 54.25400122 24.0880011 54.50800122 1 P 0
L 23.67499964 43.6920005 24.18299964 44.7080005 1 P 0
L 23.78724732 27.28299852 24.29524732 26.26699852 1 P 0
L 23.78724732 27.28299852 24.80324732 27.28299852 1 P 0
L 23.8340011 51.46000122 24.0880011 50.95200122 1 P 0
L 23.8340011 51.46000122 24.0880011 51.96800122 1 P 0
L 23.8340011 54.00000122 24.0880011 53.49200122 1 P 0
L 23.8340011 54.00000122 24.0880011 54.50800122 1 P 0
L 23.97499904 16.48609606 24.48299904 17.50209606 1 P 0
L 24.01110006 19.0030989 24.51910006 20.0190989 1 P 0
L 24.04999762 22.03300648 24.55799762 21.01700648 1 P 0
L 24.04999762 22.03300648 25.06599762 22.03300648 1 P 0
L 24.11700028 44.5580008 24.62500028 43.5420008 1 P 0
L 24.11700028 44.5580008 25.13300028 44.5580008 1 P 0
L 24.29524732 26.26699852 24.80324732 27.28299852 1 P 0
L 24.3335937 39.38764792 24.8415937 38.37164792 1 P 0
L 24.3335937 39.38764792 25.3495937 39.38764792 1 P 0
L 24.55799762 21.01700648 25.06599762 22.03300648 1 P 0
L 24.59490636 46.93948956 25.10290636 45.92348956 1 P 0
L 24.59490636 46.93948956 25.61090636 46.93948956 1 P 0
L 24.62500028 43.5420008 25.13300028 44.5580008 1 P 0
L 24.8415937 38.37164792 25.3495937 39.38764792 1 P 0
L 25.10290636 45.92348956 25.61090636 46.93948956 1 P 0
L 25.6120011 50.95200122 25.8660011 51.46000122 1 P 0
L 25.6120011 50.95200122 26.1200011 51.20600122 1 P 0
L 25.6120011 51.96800122 25.8660011 51.46000122 1 P 0
L 25.6120011 51.96800122 26.1200011 51.71400122 1 P 0
L 25.6120011 53.49200122 25.8660011 54.00000122 1 P 0
L 25.6120011 53.49200122 26.1200011 53.74600122 1 P 0
L 25.6120011 54.50800122 25.8660011 54.00000122 1 P 0
L 25.6120011 54.50800122 26.1200011 54.25400122 1 P 0
L 25.69200094 13.58300052 26.20000094 12.56700052 1 P 0
L 25.69200094 13.58300052 26.70800094 13.58300052 1 P 0
L 25.74200084 9.50799978 26.25000084 8.49199978 1 P 0
L 25.74200084 9.50799978 26.75800084 9.50799978 1 P 0
L 25.75249104 47.00799844 26.26049104 45.99199844 1 P 0
L 25.75249104 47.00799844 26.76849104 47.00799844 1 P 0
L 25.76981384 28.83018364 26.27781384 27.81418364 1 P 0
L 25.76981384 28.83018364 26.78581384 28.83018364 1 P 0
L 25.82356786 32.012509 26.33156786 30.996509 1 P 0
L 25.82356786 32.012509 26.83956786 32.012509 1 P 0
L 25.86699932 36.64671106 26.37499932 35.63071106 1 P 0
L 25.86699932 36.64671106 26.88299932 36.64671106 1 P 0
L 26.11566278 3.2830008 26.62366278 2.2670008 1 P 0
L 26.11566278 3.2830008 27.13166278 3.2830008 1 P 0
L 26.1200011 51.20600122 26.6280011 50.95200122 1 P 0
L 26.1200011 51.71400122 26.6280011 51.96800122 1 P 0
L 26.1200011 53.74600122 26.6280011 53.49200122 1 P 0
L 26.1200011 54.25400122 26.6280011 54.50800122 1 P 0
L 26.20000094 12.56700052 26.70800094 13.58300052 1 P 0
L 26.25000084 8.49199978 26.75800084 9.50799978 1 P 0
L 26.26049104 45.99199844 26.76849104 47.00799844 1 P 0
L 26.27781384 27.81418364 26.78581384 28.83018364 1 P 0
L 26.33156786 30.996509 26.83956786 32.012509 1 P 0
L 26.3375394 7.46609124 26.8455394 6.45009124 1 P 0
L 26.3375394 7.46609124 27.3535394 7.46609124 1 P 0
L 26.34200218 17.14600076 26.34200218 17.65400076 1 P 0
L 26.34200218 17.14600076 26.59600218 17.14600076 1 P 0
L 26.34200218 17.65400076 26.59600218 17.65400076 1 P 0
L 26.3740011 51.46000122 26.6280011 50.95200122 1 P 0
L 26.3740011 51.46000122 26.6280011 51.96800122 1 P 0
L 26.3740011 54.00000122 26.6280011 53.49200122 1 P 0
L 26.3740011 54.00000122 26.6280011 54.50800122 1 P 0
L 26.37499932 35.63071106 26.88299932 36.64671106 1 P 0
L 26.59600218 16.89200076 26.59600218 17.14600076 1 P 0
L 26.59600218 16.89200076 27.10400218 16.89200076 1 P 0
L 26.59600218 17.65400076 26.59600218 17.90800076 1 P 0
L 26.59600218 17.90800076 27.10400218 17.90800076 1 P 0
L 26.62366278 2.2670008 27.13166278 3.2830008 1 P 0
L 26.7766673 37.29266862 27.2846673 36.27666862 1 P 0
L 26.7766673 37.29266862 27.7926673 37.29266862 1 P 0
L 26.8455394 6.45009124 27.3535394 7.46609124 1 P 0
L 27.10400218 16.89200076 27.10400218 17.14600076 1 P 0
L 27.10400218 17.14600076 27.35800218 17.14600076 1 P 0
L 27.10400218 17.65400076 27.10400218 17.90800076 1 P 0
L 27.10400218 17.65400076 27.35800218 17.65400076 1 P 0
L 27.2846673 36.27666862 27.7926673 37.29266862 1 P 0
L 27.34122802 8.3808189 27.84922802 7.3648189 1 P 0
L 27.34122802 8.3808189 28.35722802 8.3808189 1 P 0
L 27.34200018 17.29600046 27.34200018 17.80400046 1 P 0
L 27.34200018 17.29600046 27.59600018 17.29600046 1 P 0
L 27.34200018 17.80400046 27.59600018 17.80400046 1 P 0
L 27.35800218 17.14600076 27.35800218 17.65400076 1 P 0
L 27.59600018 17.04200046 27.59600018 17.29600046 1 P 0
L 27.59600018 17.04200046 28.10400018 17.04200046 1 P 0
L 27.59600018 17.80400046 27.59600018 18.05800046 1 P 0
L 27.59600018 18.05800046 28.10400018 18.05800046 1 P 0
L 27.84199918 24.25800076 28.34999918 23.24200076 1 P 0
L 27.84199918 24.25800076 28.85799918 24.25800076 1 P 0
L 27.84922802 7.3648189 28.35722802 8.3808189 1 P 0
L 27.8670004 25.75799776 28.3750004 24.74199776 1 P 0
L 27.8670004 25.75799776 28.8830004 25.75799776 1 P 0
L 28.10400018 17.04200046 28.10400018 17.29600046 1 P 0
L 28.10400018 17.29600046 28.35800018 17.29600046 1 P 0
L 28.10400018 17.80400046 28.10400018 18.05800046 1 P 0
L 28.10400018 17.80400046 28.35800018 17.80400046 1 P 0
L 28.1520011 50.95200122 28.4060011 51.46000122 1 P 0
L 28.1520011 50.95200122 28.6600011 51.20600122 1 P 0
L 28.1520011 51.96800122 28.4060011 51.46000122 1 P 0
L 28.1520011 51.96800122 28.6600011 51.71400122 1 P 0
L 28.1520011 53.49200122 28.4060011 54.00000122 1 P 0
L 28.1520011 53.49200122 28.6600011 53.74600122 1 P 0
L 28.1520011 54.50800122 28.4060011 54.00000122 1 P 0
L 28.1520011 54.50800122 28.6600011 54.25400122 1 P 0
L 28.19200102 29.00799888 28.70000102 27.99199888 1 P 0
L 28.19200102 29.00799888 29.20800102 29.00799888 1 P 0
L 28.2169997 42.81187018 28.7249997 41.79587018 1 P 0
L 28.2169997 42.81187018 29.2329997 42.81187018 1 P 0
L 28.34999918 23.24200076 28.85799918 24.25800076 1 P 0
L 28.35800018 17.29600046 28.35800018 17.80400046 1 P 0
L 28.3750004 24.74199776 28.8830004 25.75799776 1 P 0
L 28.48137052 5.64870854 28.98937052 4.63270854 1 P 0
L 28.48137052 5.64870854 29.49737052 5.64870854 1 P 0
L 28.6600011 51.20600122 29.1680011 50.95200122 1 P 0
L 28.6600011 51.71400122 29.1680011 51.96800122 1 P 0
L 28.6600011 53.74600122 29.1680011 53.49200122 1 P 0
L 28.6600011 54.25400122 29.1680011 54.50800122 1 P 0
L 28.70000102 27.99199888 29.20800102 29.00799888 1 P 0
L 28.7249997 41.79587018 29.2329997 42.81187018 1 P 0
L 28.79199982 36.75800116 29.29999982 35.74200116 1 P 0
L 28.79199982 36.75800116 29.80799982 36.75800116 1 P 0
L 28.9140011 51.46000122 29.1680011 50.95200122 1 P 0
L 28.9140011 51.46000122 29.1680011 51.96800122 1 P 0
L 28.9140011 54.00000122 29.1680011 53.49200122 1 P 0
L 28.9140011 54.00000122 29.1680011 54.50800122 1 P 0
L 28.93674172 20.27512328 29.44474172 19.25912328 1 P 0
L 28.93674172 20.27512328 29.95274172 20.27512328 1 P 0
L 28.98937052 4.63270854 29.49737052 5.64870854 1 P 0
L 29.03199426 10.28728702 29.53999426 9.27128702 1 P 0
L 29.03199426 10.28728702 30.04799426 10.28728702 1 P 0
L 29.27429756 23.53494912 29.78229756 22.51894912 1 P 0
L 29.27429756 23.53494912 30.29029756 23.53494912 1 P 0
L 29.28542784 13.29139074 29.79342784 12.27539074 1 P 0
L 29.28542784 13.29139074 30.30142784 13.29139074 1 P 0
L 29.29999982 35.74200116 29.80799982 36.75800116 1 P 0
L 29.44474172 19.25912328 29.95274172 20.27512328 1 P 0
L 29.53999426 9.27128702 30.04799426 10.28728702 1 P 0
L 29.78229756 22.51894912 30.29029756 23.53494912 1 P 0
L 29.79342784 12.27539074 30.30142784 13.29139074 1 P 0
L 30.11700098 6.70800284 30.62500098 5.69200284 1 P 0
L 30.11700098 6.70800284 31.13300098 6.70800284 1 P 0
L 30.31700058 20.03300032 30.82500058 19.01700032 1 P 0
L 30.31700058 20.03300032 31.33300058 20.03300032 1 P 0
L 30.33771174 8.53300046 30.84571174 7.51700046 1 P 0
L 30.33771174 8.53300046 31.35371174 8.53300046 1 P 0
L 30.5420014 30.52559808 31.0500014 29.50959808 1 P 0
L 30.5420014 30.52559808 31.5580014 30.52559808 1 P 0
L 30.5420014 32.88053622 31.0500014 31.86453622 1 P 0
L 30.5420014 32.88053622 31.5580014 32.88053622 1 P 0
L 30.62500098 5.69200284 31.13300098 6.70800284 1 P 0
L 30.66699734 29.2110795 31.17499734 28.1950795 1 P 0
L 30.66699734 29.2110795 31.68299734 29.2110795 1 P 0
L 30.69199856 25.63299928 31.19999856 24.61699928 1 P 0
L 30.69199856 25.63299928 31.70799856 25.63299928 1 P 0
L 30.6920011 50.95200122 30.9460011 51.46000122 1 P 0
L 30.6920011 50.95200122 31.2000011 51.20600122 1 P 0
L 30.6920011 51.96800122 30.9460011 51.46000122 1 P 0
L 30.6920011 51.96800122 31.2000011 51.71400122 1 P 0
L 30.6920011 53.49200122 30.9460011 54.00000122 1 P 0
L 30.6920011 53.49200122 31.2000011 53.74600122 1 P 0
L 30.6920011 54.50800122 30.9460011 54.00000122 1 P 0
L 30.6920011 54.50800122 31.2000011 54.25400122 1 P 0
L 30.82500058 19.01700032 31.33300058 20.03300032 1 P 0
L 30.84571174 7.51700046 31.35371174 8.53300046 1 P 0
L 30.98378868 8.66621076 31.49178868 7.65021076 1 P 0
L 30.98378868 8.66621076 31.99978868 8.66621076 1 P 0
L 31.0500014 29.50959808 31.5580014 30.52559808 1 P 0
L 31.0500014 31.86453622 31.5580014 32.88053622 1 P 0
L 31.17499734 28.1950795 31.68299734 29.2110795 1 P 0
L 31.1920001 35.90800032 31.7000001 34.89200032 1 P 0
L 31.1920001 35.90800032 32.2080001 35.90800032 1 P 0
L 31.19999856 24.61699928 31.70799856 25.63299928 1 P 0
L 31.2000011 51.20600122 31.7080011 50.95200122 1 P 0
L 31.2000011 51.71400122 31.7080011 51.96800122 1 P 0
L 31.2000011 53.74600122 31.7080011 53.49200122 1 P 0
L 31.2000011 54.25400122 31.7080011 54.50800122 1 P 0
L 31.4540011 51.46000122 31.7080011 50.95200122 1 P 0
L 31.4540011 51.46000122 31.7080011 51.96800122 1 P 0
L 31.4540011 54.00000122 31.7080011 53.49200122 1 P 0
L 31.4540011 54.00000122 31.7080011 54.50800122 1 P 0
L 31.49178868 7.65021076 31.99978868 8.66621076 1 P 0
L 31.7000001 34.89200032 32.2080001 35.90800032 1 P 0
L 31.91082264 13.7579989 32.41882264 12.7419989 1 P 0
L 31.91082264 13.7579989 32.92682264 13.7579989 1 P 0
L 32.41882264 12.7419989 32.92682264 13.7579989 1 P 0
L 32.86515652 10.01122712 33.37315652 8.99522712 1 P 0
L 32.86515652 10.01122712 33.88115652 10.01122712 1 P 0
L 33.2320011 50.95200122 33.4860011 51.46000122 1 P 0
L 33.2320011 50.95200122 33.7400011 51.20600122 1 P 0
L 33.2320011 51.96800122 33.4860011 51.46000122 1 P 0
L 33.2320011 51.96800122 33.7400011 51.71400122 1 P 0
L 33.2320011 53.49200122 33.4860011 54.00000122 1 P 0
L 33.2320011 53.49200122 33.7400011 53.74600122 1 P 0
L 33.2320011 54.50800122 33.4860011 54.00000122 1 P 0
L 33.2320011 54.50800122 33.7400011 54.25400122 1 P 0
L 33.29200098 42.30800022 33.80000098 41.29200022 1 P 0
L 33.29200098 42.30800022 34.30800098 42.30800022 1 P 0
L 33.29200098 45.3079993 33.80000098 44.2919993 1 P 0
L 33.29200098 45.3079993 34.30800098 45.3079993 1 P 0
L 33.34200088 23.90799892 33.85000088 22.89199892 1 P 0
L 33.34200088 23.90799892 34.35800088 23.90799892 1 P 0
L 33.37315652 8.99522712 33.88115652 10.01122712 1 P 0
L 33.49200058 29.55800032 34.00000058 28.54200032 1 P 0
L 33.49200058 29.55800032 34.50800058 29.55800032 1 P 0
L 33.64203838 40.58303796 34.15003838 39.56703796 1 P 0
L 33.64203838 40.58303796 34.65803838 40.58303796 1 P 0
L 33.66699896 26.83299942 34.17499896 25.81699942 1 P 0
L 33.66699896 26.83299942 34.68299896 26.83299942 1 P 0
L 33.7400011 51.20600122 34.2480011 50.95200122 1 P 0
L 33.7400011 51.71400122 34.2480011 51.96800122 1 P 0
L 33.7400011 53.74600122 34.2480011 53.49200122 1 P 0
L 33.7400011 54.25400122 34.2480011 54.50800122 1 P 0
L 33.80000098 41.29200022 34.30800098 42.30800022 1 P 0
L 33.80000098 44.2919993 34.30800098 45.3079993 1 P 0
L 33.85000088 22.89199892 34.35800088 23.90799892 1 P 0
L 33.97923862 50.9785747 34.48723862 49.9625747 1 P 0
L 33.97923862 50.9785747 34.99523862 50.9785747 1 P 0
L 33.9940011 51.46000122 34.2480011 50.95200122 1 P 0
L 33.9940011 51.46000122 34.2480011 51.96800122 1 P 0
L 33.9940011 54.00000122 34.2480011 53.49200122 1 P 0
L 33.9940011 54.00000122 34.2480011 54.50800122 1 P 0
L 34.00000058 28.54200032 34.50800058 29.55800032 1 P 0
L 34.15003838 39.56703796 34.65803838 40.58303796 1 P 0
L 34.17499896 25.81699942 34.68299896 26.83299942 1 P 0
L 34.19199918 27.65800158 34.69999918 26.64200158 1 P 0
L 34.19199918 27.65800158 35.20799918 27.65800158 1 P 0
L 34.24199908 36.53300034 34.74999908 35.51700034 1 P 0
L 34.24199908 36.53300034 35.25799908 36.53300034 1 P 0
L 34.3170002 28.75799938 34.8250002 27.74199938 1 P 0
L 34.3170002 28.75799938 35.3330002 28.75799938 1 P 0
L 34.417 32.43300092 34.925 31.41700092 1 P 0
L 34.417 32.43300092 35.433 32.43300092 1 P 0
L 34.48723862 49.9625747 34.99523862 50.9785747 1 P 0
L 34.54200102 46.58300056 35.05000102 45.56700056 1 P 0
L 34.54200102 46.58300056 35.55800102 46.58300056 1 P 0
L 34.5669997 45.60800124 35.0749997 44.59200124 1 P 0
L 34.5669997 45.60800124 35.5829997 45.60800124 1 P 0
L 34.64200082 29.70800002 35.15000082 28.69200002 1 P 0
L 34.64200082 29.70800002 35.65800082 29.70800002 1 P 0
L 34.69999918 26.64200158 35.20799918 27.65800158 1 P 0
L 34.74999908 35.51700034 35.25799908 36.53300034 1 P 0
L 34.8250002 27.74199938 35.3330002 28.75799938 1 P 0
L 34.925 31.41700092 35.433 32.43300092 1 P 0
L 35.05000102 45.56700056 35.55800102 46.58300056 1 P 0
L 35.0749997 44.59200124 35.5829997 45.60800124 1 P 0
L 35.14199982 40.98299906 35.64999982 39.96699906 1 P 0
L 35.14199982 40.98299906 36.15799982 40.98299906 1 P 0
L 35.15000082 28.69200002 35.65800082 29.70800002 1 P 0
L 35.51700034 32.5079995 36.02500034 31.4919995 1 P 0
L 35.51700034 32.5079995 36.53300034 32.5079995 1 P 0
L 35.64999982 39.96699906 36.15799982 40.98299906 1 P 0
L 35.7720011 50.95200122 36.0260011 51.46000122 1 P 0
L 35.7720011 50.95200122 36.2800011 51.20600122 1 P 0
L 35.7720011 51.96800122 36.0260011 51.46000122 1 P 0
L 35.7720011 51.96800122 36.2800011 51.71400122 1 P 0
L 35.7720011 53.49200122 36.0260011 54.00000122 1 P 0
L 35.7720011 53.49200122 36.2800011 53.74600122 1 P 0
L 35.7720011 54.50800122 36.0260011 54.00000122 1 P 0
L 35.7720011 54.50800122 36.2800011 54.25400122 1 P 0
L 36.02500034 31.4919995 36.53300034 32.5079995 1 P 0
L 36.2800011 51.20600122 36.7880011 50.95200122 1 P 0
L 36.2800011 51.71400122 36.7880011 51.96800122 1 P 0
L 36.2800011 53.74600122 36.7880011 53.49200122 1 P 0
L 36.2800011 54.25400122 36.7880011 54.50800122 1 P 0
L 36.31289156 18.13299904 36.82089156 17.11699904 1 P 0
L 36.31289156 18.13299904 37.32889156 18.13299904 1 P 0
L 36.5340011 51.46000122 36.7880011 50.95200122 1 P 0
L 36.5340011 51.46000122 36.7880011 51.96800122 1 P 0
L 36.5340011 54.00000122 36.7880011 53.49200122 1 P 0
L 36.5340011 54.00000122 36.7880011 54.50800122 1 P 0
L 36.82089156 17.11699904 37.32889156 18.13299904 1 P 0
L 36.89543294 9.02894816 37.40343294 8.01294816 1 P 0
L 36.89543294 9.02894816 37.91143294 9.02894816 1 P 0
L 36.90360158 51.12358838 37.41160158 50.10758838 1 P 0
L 36.90360158 51.12358838 37.91960158 51.12358838 1 P 0
L 36.9920012 4.00800062 37.5000012 2.99200062 1 P 0
L 36.9920012 4.00800062 38.0080012 4.00800062 1 P 0
L 37.16699958 14.43299882 37.67499958 13.41699882 1 P 0
L 37.16699958 14.43299882 38.18299958 14.43299882 1 P 0
L 37.40343294 8.01294816 37.91143294 9.02894816 1 P 0
L 37.41160158 50.10758838 37.91960158 51.12358838 1 P 0
L 37.5000012 2.99200062 38.0080012 4.00800062 1 P 0
L 37.56699878 35.45800122 38.07499878 34.44200122 1 P 0
L 37.56699878 35.45800122 38.58299878 35.45800122 1 P 0
L 37.67499958 13.41699882 38.18299958 14.43299882 1 P 0
L 37.6919998 11.93299874 38.1999998 10.91699874 1 P 0
L 37.6919998 11.93299874 38.7079998 11.93299874 1 P 0
L 37.9919992 4.00800062 38.4999992 2.99200062 1 P 0
L 37.9919992 4.00800062 39.0079992 4.00800062 1 P 0
L 38.07499878 34.44200122 38.58299878 35.45800122 1 P 0
L 38.1419989 42.10800062 38.6499989 41.09200062 1 P 0
L 38.1419989 42.10800062 39.1579989 42.10800062 1 P 0
L 38.1999998 10.91699874 38.7079998 11.93299874 1 P 0
L 38.29199606 43.13424444 38.79999606 42.11824444 1 P 0
L 38.29199606 43.13424444 39.30799606 43.13424444 1 P 0
L 38.3120011 50.95200122 38.5660011 51.46000122 1 P 0
L 38.3120011 50.95200122 38.8200011 51.20600122 1 P 0
L 38.3120011 51.96800122 38.5660011 51.46000122 1 P 0
L 38.3120011 51.96800122 38.8200011 51.71400122 1 P 0
L 38.3120011 53.49200122 38.5660011 54.00000122 1 P 0
L 38.3120011 53.49200122 38.8200011 53.74600122 1 P 0
L 38.3120011 54.50800122 38.5660011 54.00000122 1 P 0
L 38.3120011 54.50800122 38.8200011 54.25400122 1 P 0
L 38.4999992 2.99200062 39.0079992 4.00800062 1 P 0
L 38.56699932 34.43299946 39.07499932 33.41699946 1 P 0
L 38.56699932 34.43299946 39.58299932 34.43299946 1 P 0
L 38.6499989 41.09200062 39.1579989 42.10800062 1 P 0
L 38.79999606 42.11824444 39.30799606 43.13424444 1 P 0
L 38.8200011 51.20600122 39.3280011 50.95200122 1 P 0
L 38.8200011 51.71400122 39.3280011 51.96800122 1 P 0
L 38.8200011 53.74600122 39.3280011 53.49200122 1 P 0
L 38.8200011 54.25400122 39.3280011 54.50800122 1 P 0
L 39.01700096 26.98299912 39.52500096 25.96699912 1 P 0
L 39.01700096 26.98299912 40.03300096 26.98299912 1 P 0
L 39.0740011 51.46000122 39.3280011 50.95200122 1 P 0
L 39.0740011 51.46000122 39.3280011 51.96800122 1 P 0
L 39.0740011 54.00000122 39.3280011 53.49200122 1 P 0
L 39.0740011 54.00000122 39.3280011 54.50800122 1 P 0
L 39.07499932 33.41699946 39.58299932 34.43299946 1 P 0
L 39.14199944 46.67099886 39.14199944 47.17899886 1 P 0
L 39.14199944 46.67099886 39.39599944 46.67099886 1 P 0
L 39.14199944 47.17899886 39.39599944 47.17899886 1 P 0
L 39.39599944 46.41699886 39.39599944 46.67099886 1 P 0
L 39.39599944 46.41699886 39.90399944 46.41699886 1 P 0
L 39.39599944 47.17899886 39.39599944 47.43299886 1 P 0
L 39.39599944 47.43299886 39.90399944 47.43299886 1 P 0
L 39.52500096 25.96699912 40.03300096 26.98299912 1 P 0
L 39.54200118 11.68299924 40.05000118 10.66699924 1 P 0
L 39.54200118 11.68299924 40.55800118 11.68299924 1 P 0
L 39.71500058 16.455517 40.22300058 15.439517 1 P 0
L 39.71500058 16.455517 40.73100058 16.455517 1 P 0
L 39.90399944 46.41699886 39.90399944 46.67099886 1 P 0
L 39.90399944 46.67099886 40.15799944 46.67099886 1 P 0
L 39.90399944 47.17899886 39.90399944 47.43299886 1 P 0
L 39.90399944 47.17899886 40.15799944 47.17899886 1 P 0
L 39.99200028 31.43300038 40.50000028 30.41700038 1 P 0
L 39.99200028 31.43300038 41.00800028 31.43300038 1 P 0
L 39.99229238 35.46628416 40.50029238 34.45028416 1 P 0
L 39.99229238 35.46628416 41.00829238 35.46628416 1 P 0
L 40.05000118 10.66699924 40.55800118 11.68299924 1 P 0
L 40.15799944 46.67099886 40.15799944 47.17899886 1 P 0
L 40.22300058 15.439517 40.73100058 16.455517 1 P 0
L 40.3670008 5.00800116 40.8750008 3.99200116 1 P 0
L 40.3670008 5.00800116 41.3830008 5.00800116 1 P 0
L 40.50000028 30.41700038 41.00800028 31.43300038 1 P 0
L 40.50029238 34.45028416 41.00829238 35.46628416 1 P 0
L 40.8520011 50.95200122 41.1060011 51.46000122 1 P 0
L 40.8520011 50.95200122 41.3600011 51.20600122 1 P 0
L 40.8520011 51.96800122 41.1060011 51.46000122 1 P 0
L 40.8520011 51.96800122 41.3600011 51.71400122 1 P 0
L 40.8520011 53.49200122 41.1060011 54.00000122 1 P 0
L 40.8520011 53.49200122 41.3600011 53.74600122 1 P 0
L 40.8520011 54.50800122 41.1060011 54.00000122 1 P 0
L 40.8520011 54.50800122 41.3600011 54.25400122 1 P 0
L 40.8750008 3.99200116 41.3830008 5.00800116 1 P 0
L 41.0169995 4.2829988 41.5249995 3.2669988 1 P 0
L 41.0169995 4.2829988 42.0329995 4.2829988 1 P 0
L 41.3600011 51.20600122 41.8680011 50.95200122 1 P 0
L 41.3600011 51.71400122 41.8680011 51.96800122 1 P 0
L 41.3600011 53.74600122 41.8680011 53.49200122 1 P 0
L 41.3600011 54.25400122 41.8680011 54.50800122 1 P 0
L 41.5249995 3.2669988 42.0329995 4.2829988 1 P 0
L 41.6140011 51.46000122 41.8680011 50.95200122 1 P 0
L 41.6140011 51.46000122 41.8680011 51.96800122 1 P 0
L 41.6140011 54.00000122 41.8680011 53.49200122 1 P 0
L 41.6140011 54.00000122 41.8680011 54.50800122 1 P 0
L 41.89199902 4.25800012 42.39999902 3.24200012 1 P 0
L 41.89199902 4.25800012 42.90799902 4.25800012 1 P 0
L 41.89199902 37.05800056 42.39999902 36.04200056 1 P 0
L 41.89199902 37.05800056 42.90799902 37.05800056 1 P 0
L 42.26699954 46.44745346 42.77499954 45.43145346 1 P 0
L 42.26699954 46.44745346 43.28299954 46.44745346 1 P 0
L 42.33704512 47.25304494 42.84504512 46.23704494 1 P 0
L 42.33704512 47.25304494 43.35304512 47.25304494 1 P 0
L 42.39999902 3.24200012 42.90799902 4.25800012 1 P 0
L 42.39999902 36.04200056 42.90799902 37.05800056 1 P 0
L 42.46900066 44.85453564 42.97700066 43.83853564 1 P 0
L 42.46900066 44.85453564 43.48500066 44.85453564 1 P 0
L 42.51046362 41.8813869 43.01846362 40.8653869 1 P 0
L 42.51046362 41.8813869 43.52646362 41.8813869 1 P 0
L 42.58225418 39.11762814 43.09025418 38.10162814 1 P 0
L 42.58225418 39.11762814 43.59825418 39.11762814 1 P 0
L 42.67200508 29.01199684 43.18000508 27.99599684 1 P 0
L 42.67200508 29.01199684 43.68800508 29.01199684 1 P 0
L 42.77499954 45.43145346 43.28299954 46.44745346 1 P 0
L 42.84504512 46.23704494 43.35304512 47.25304494 1 P 0
L 42.97700066 43.83853564 43.48500066 44.85453564 1 P 0
L 43.01846362 40.8653869 43.52646362 41.8813869 1 P 0
L 43.04199926 31.40799916 43.54999926 30.39199916 1 P 0
L 43.04199926 31.40799916 44.05799926 31.40799916 1 P 0
L 43.08186202 30.29326682 43.58986202 29.27726682 1 P 0
L 43.08186202 30.29326682 44.09786202 30.29326682 1 P 0
L 43.09025418 38.10162814 43.59825418 39.11762814 1 P 0
L 43.09199916 26.06418968 43.59999916 25.04818968 1 P 0
L 43.09199916 26.06418968 44.10799916 26.06418968 1 P 0
L 43.18000508 27.99599684 43.68800508 29.01199684 1 P 0
L 43.2420014 27.16418748 43.7500014 26.14818748 1 P 0
L 43.2420014 27.16418748 44.2580014 27.16418748 1 P 0
L 43.24495034 22.62944928 43.75295034 21.61344928 1 P 0
L 43.24495034 22.62944928 44.26095034 22.62944928 1 P 0
L 43.3920011 50.95200122 43.6460011 51.46000122 1 P 0
L 43.3920011 50.95200122 43.9000011 51.20600122 1 P 0
L 43.3920011 51.96800122 43.6460011 51.46000122 1 P 0
L 43.3920011 51.96800122 43.9000011 51.71400122 1 P 0
L 43.3920011 53.49200122 43.6460011 54.00000122 1 P 0
L 43.3920011 53.49200122 43.9000011 53.74600122 1 P 0
L 43.3920011 54.50800122 43.6460011 54.00000122 1 P 0
L 43.3920011 54.50800122 43.9000011 54.25400122 1 P 0
L 43.5420008 29.2600761 44.0500008 28.2440761 1 P 0
L 43.5420008 29.2600761 44.5580008 29.2600761 1 P 0
L 43.54999926 30.39199916 44.05799926 31.40799916 1 P 0
L 43.58986202 29.27726682 44.09786202 30.29326682 1 P 0
L 43.5920007 27.80799874 44.1000007 26.79199874 1 P 0
L 43.5920007 27.80799874 44.6080007 27.80799874 1 P 0
L 43.59999916 25.04818968 44.10799916 26.06418968 1 P 0
L 43.7500014 26.14818748 44.2580014 27.16418748 1 P 0
L 43.75295034 21.61344928 44.26095034 22.62944928 1 P 0
L 43.9000011 51.20600122 44.4080011 50.95200122 1 P 0
L 43.9000011 51.71400122 44.4080011 51.96800122 1 P 0
L 43.9000011 53.74600122 44.4080011 53.49200122 1 P 0
L 43.9000011 54.25400122 44.4080011 54.50800122 1 P 0
L 43.9919999 37.53300088 44.4999999 36.51700088 1 P 0
L 43.9919999 37.53300088 45.0079999 37.53300088 1 P 0
L 44.0500008 28.2440761 44.5580008 29.2600761 1 P 0
L 44.1000007 26.79199874 44.6080007 27.80799874 1 P 0
L 44.1540011 51.46000122 44.4080011 50.95200122 1 P 0
L 44.1540011 51.46000122 44.4080011 51.96800122 1 P 0
L 44.1540011 54.00000122 44.4080011 53.49200122 1 P 0
L 44.1540011 54.00000122 44.4080011 54.50800122 1 P 0
L 44.4999999 36.51700088 45.0079999 37.53300088 1 P 0
L 44.69200104 22.75800122 45.20000104 21.74200122 1 P 0
L 44.69200104 22.75800122 45.70800104 22.75800122 1 P 0
L 44.941998 45.85800074 45.449998 44.84200074 1 P 0
L 44.941998 45.85800074 45.957998 45.85800074 1 P 0
L 45.20000104 21.74200122 45.70800104 22.75800122 1 P 0
L 45.449998 44.84200074 45.957998 45.85800074 1 P 0
L 45.60000024 42.30800022 46.10800024 41.29200022 1 P 0
L 45.60000024 42.30800022 46.61600024 42.30800022 1 P 0
L 45.69000006 34.55800048 46.19800006 33.54200048 1 P 0
L 45.69000006 34.55800048 46.70600006 34.55800048 1 P 0
L 45.75309112 25.84690538 46.26109112 24.83090538 1 P 0
L 45.75309112 25.84690538 46.76909112 25.84690538 1 P 0
L 45.9320011 50.95200122 46.1860011 51.46000122 1 P 0
L 45.9320011 50.95200122 46.4400011 51.20600122 1 P 0
L 45.9320011 51.96800122 46.1860011 51.46000122 1 P 0
L 45.9320011 51.96800122 46.4400011 51.71400122 1 P 0
L 45.9320011 53.49200122 46.1860011 54.00000122 1 P 0
L 45.9320011 53.49200122 46.4400011 53.74600122 1 P 0
L 45.9320011 54.50800122 46.1860011 54.00000122 1 P 0
L 45.9320011 54.50800122 46.4400011 54.25400122 1 P 0
L 46.01699966 29.10800122 46.52499966 28.09200122 1 P 0
L 46.01699966 29.10800122 47.03299966 29.10800122 1 P 0
L 46.10800024 41.29200022 46.61600024 42.30800022 1 P 0
L 46.19800006 33.54200048 46.70600006 34.55800048 1 P 0
L 46.26109112 24.83090538 46.76909112 25.84690538 1 P 0
L 46.26699916 47.60799978 46.77499916 46.59199978 1 P 0
L 46.26699916 47.60799978 47.28299916 47.60799978 1 P 0
L 46.27765446 46.71865434 46.78565446 45.70265434 1 P 0
L 46.27765446 46.71865434 47.29365446 46.71865434 1 P 0
L 46.4400011 51.20600122 46.9480011 50.95200122 1 P 0
L 46.4400011 51.71400122 46.9480011 51.96800122 1 P 0
L 46.4400011 53.74600122 46.9480011 53.49200122 1 P 0
L 46.4400011 54.25400122 46.9480011 54.50800122 1 P 0
L 46.49199998 21.00799964 46.99999998 19.99199964 1 P 0
L 46.49199998 21.00799964 47.50799998 21.00799964 1 P 0
L 46.52499966 28.09200122 47.03299966 29.10800122 1 P 0
L 46.6940011 51.46000122 46.9480011 50.95200122 1 P 0
L 46.6940011 51.46000122 46.9480011 51.96800122 1 P 0
L 46.6940011 54.00000122 46.9480011 53.49200122 1 P 0
L 46.6940011 54.00000122 46.9480011 54.50800122 1 P 0
L 46.77499916 46.59199978 47.28299916 47.60799978 1 P 0
L 46.78565446 45.70265434 47.29365446 46.71865434 1 P 0
L 46.99999998 19.99199964 47.50799998 21.00799964 1 P 0
L 47.34199828 19.66840872 47.84999828 18.65240872 1 P 0
L 47.34199828 19.66840872 48.35799828 19.66840872 1 P 0
L 47.84999828 18.65240872 48.35799828 19.66840872 1 P 0
L 48.29199892 35.90800032 48.79999892 34.89200032 1 P 0
L 48.29199892 35.90800032 49.30799892 35.90800032 1 P 0
L 48.4720011 50.95200122 48.7260011 51.46000122 1 P 0
L 48.4720011 50.95200122 48.9800011 51.20600122 1 P 0
L 48.4720011 51.96800122 48.7260011 51.46000122 1 P 0
L 48.4720011 51.96800122 48.9800011 51.71400122 1 P 0
L 48.4720011 53.49200122 48.7260011 54.00000122 1 P 0
L 48.4720011 53.49200122 48.9800011 53.74600122 1 P 0
L 48.4720011 54.50800122 48.7260011 54.00000122 1 P 0
L 48.4720011 54.50800122 48.9800011 54.25400122 1 P 0
L 48.56699964 16.2830002 49.07499964 15.2670002 1 P 0
L 48.56699964 16.2830002 49.58299964 16.2830002 1 P 0
L 48.79999892 34.89200032 49.30799892 35.90800032 1 P 0
L 48.94200016 31.43300038 49.45000016 30.41700038 1 P 0
L 48.94200016 31.43300038 49.95800016 31.43300038 1 P 0
L 48.9800011 51.20600122 49.4880011 50.95200122 1 P 0
L 48.9800011 51.71400122 49.4880011 51.96800122 1 P 0
L 48.9800011 53.74600122 49.4880011 53.49200122 1 P 0
L 48.9800011 54.25400122 49.4880011 54.50800122 1 P 0
L 49.07499964 15.2670002 49.58299964 16.2830002 1 P 0
L 49.21700088 41.15799998 49.72500088 40.14199998 1 P 0
L 49.21700088 41.15799998 50.23300088 41.15799998 1 P 0
L 49.2340011 51.46000122 49.4880011 50.95200122 1 P 0
L 49.2340011 51.46000122 49.4880011 51.96800122 1 P 0
L 49.2340011 54.00000122 49.4880011 53.49200122 1 P 0
L 49.2340011 54.00000122 49.4880011 54.50800122 1 P 0
L 49.45000016 30.41700038 49.95800016 31.43300038 1 P 0
L 49.61475472 35.28337622 50.12275472 34.26737622 1 P 0
L 49.61475472 35.28337622 50.63075472 35.28337622 1 P 0
L 49.72500088 40.14199998 50.23300088 41.15799998 1 P 0
L 49.86699958 27.78300006 50.37499958 26.76700006 1 P 0
L 49.86699958 27.78300006 50.88299958 27.78300006 1 P 0
L 50.00770542 36.35799942 50.51570542 35.34199942 1 P 0
L 50.00770542 36.35799942 51.02370542 36.35799942 1 P 0
L 50.01375062 30.00600044 50.52175062 28.99000044 1 P 0
L 50.01375062 30.00600044 51.02975062 30.00600044 1 P 0
L 50.07113176 11.5955064 50.57913176 10.5795064 1 P 0
L 50.07113176 11.5955064 51.08713176 11.5955064 1 P 0
L 50.11699908 25.10799906 50.62499908 24.09199906 1 P 0
L 50.11699908 25.10799906 51.13299908 25.10799906 1 P 0
L 50.12275472 34.26737622 50.63075472 35.28337622 1 P 0
L 50.1920002 16.68100042 50.7000002 15.66500042 1 P 0
L 50.1920002 16.68100042 51.2080002 16.68100042 1 P 0
L 50.22749416 8.98526778 50.73549416 7.96926778 1 P 0
L 50.22749416 8.98526778 51.24349416 8.98526778 1 P 0
L 50.37499958 26.76700006 50.88299958 27.78300006 1 P 0
L 50.3919998 42.0329995 50.8999998 41.0169995 1 P 0
L 50.3919998 42.0329995 51.4079998 42.0329995 1 P 0
L 50.41700102 21.23300046 50.92500102 20.21700046 1 P 0
L 50.41700102 21.23300046 51.43300102 21.23300046 1 P 0
L 50.51570542 35.34199942 51.02370542 36.35799942 1 P 0
L 50.51700082 45.28300062 51.02500082 44.26700062 1 P 0
L 50.51700082 45.28300062 51.53300082 45.28300062 1 P 0
L 50.51839528 46.499018 51.02639528 45.483018 1 P 0
L 50.51839528 46.499018 51.53439528 46.499018 1 P 0
L 50.52175062 28.99000044 51.02975062 30.00600044 1 P 0
L 50.57913176 10.5795064 51.08713176 11.5955064 1 P 0
L 50.62499908 24.09199906 51.13299908 25.10799906 1 P 0
L 50.7000002 15.66500042 51.2080002 16.68100042 1 P 0
L 50.73549416 7.96926778 51.24349416 8.98526778 1 P 0
L 50.8999998 41.0169995 51.4079998 42.0329995 1 P 0
L 50.92500102 20.21700046 51.43300102 21.23300046 1 P 0
L 50.93015214 33.65150242 51.43815214 32.63550242 1 P 0
L 50.93015214 33.65150242 51.94615214 33.65150242 1 P 0
L 50.9994027 42.61540118 51.5074027 41.59940118 1 P 0
L 50.9994027 42.61540118 52.0154027 42.61540118 1 P 0
L 51.0120011 50.95200122 51.2660011 51.46000122 1 P 0
L 51.0120011 50.95200122 51.5200011 51.20600122 1 P 0
L 51.0120011 51.96800122 51.2660011 51.46000122 1 P 0
L 51.0120011 51.96800122 51.5200011 51.71400122 1 P 0
L 51.0120011 53.49200122 51.2660011 54.00000122 1 P 0
L 51.0120011 53.49200122 51.5200011 53.74600122 1 P 0
L 51.0120011 54.50800122 51.2660011 54.00000122 1 P 0
L 51.0120011 54.50800122 51.5200011 54.25400122 1 P 0
L 51.02500082 44.26700062 51.53300082 45.28300062 1 P 0
L 51.02639528 45.483018 51.53439528 46.499018 1 P 0
L 51.09200094 12.9080006 51.60000094 11.8920006 1 P 0
L 51.09200094 12.9080006 52.10800094 12.9080006 1 P 0
L 51.11374842 30.03625184 51.62174842 29.02025184 1 P 0
L 51.11374842 30.03625184 52.12974842 30.03625184 1 P 0
L 51.27452534 35.00800212 51.78252534 33.99200212 1 P 0
L 51.27452534 35.00800212 52.29052534 35.00800212 1 P 0
L 51.35202582 32.53895702 51.86002582 31.52295702 1 P 0
L 51.35202582 32.53895702 52.36802582 32.53895702 1 P 0
L 51.35818278 27.79836452 51.86618278 26.78236452 1 P 0
L 51.35818278 27.79836452 52.37418278 27.79836452 1 P 0
L 51.43815214 32.63550242 51.94615214 33.65150242 1 P 0
L 51.46180462 40.59241056 51.96980462 39.57641056 1 P 0
L 51.46180462 40.59241056 52.47780462 40.59241056 1 P 0
L 51.5074027 41.59940118 52.0154027 42.61540118 1 P 0
L 51.5200011 51.20600122 52.0280011 50.95200122 1 P 0
L 51.5200011 51.71400122 52.0280011 51.96800122 1 P 0
L 51.5200011 53.74600122 52.0280011 53.49200122 1 P 0
L 51.5200011 54.25400122 52.0280011 54.50800122 1 P 0
L 51.60000094 11.8920006 52.10800094 12.9080006 1 P 0
L 51.62174842 29.02025184 52.12974842 30.03625184 1 P 0
L 51.69199974 21.18300056 52.19999974 20.16700056 1 P 0
L 51.69199974 21.18300056 52.70799974 21.18300056 1 P 0
L 51.7740011 51.46000122 52.0280011 50.95200122 1 P 0
L 51.7740011 51.46000122 52.0280011 51.96800122 1 P 0
L 51.7740011 54.00000122 52.0280011 53.49200122 1 P 0
L 51.7740011 54.00000122 52.0280011 54.50800122 1 P 0
L 51.78252534 33.99200212 52.29052534 35.00800212 1 P 0
L 51.86002582 31.52295702 52.36802582 32.53895702 1 P 0
L 51.86618278 26.78236452 52.37418278 27.79836452 1 P 0
L 51.96980462 39.57641056 52.47780462 40.59241056 1 P 0
L 52.19999974 20.16700056 52.70799974 21.18300056 1 P 0
L 53.44199878 5.50800016 53.94999878 4.49200016 1 P 0
L 53.44199878 5.50800016 54.45799878 5.50800016 1 P 0
L 53.467 36.4388781 53.975 35.4228781 1 P 0
L 53.467 36.4388781 54.483 36.4388781 1 P 0
L 53.5520011 50.95200122 53.8060011 51.46000122 1 P 0
L 53.5520011 50.95200122 54.0600011 51.20600122 1 P 0
L 53.5520011 51.96800122 53.8060011 51.46000122 1 P 0
L 53.5520011 51.96800122 54.0600011 51.71400122 1 P 0
L 53.5520011 53.49200122 53.8060011 54.00000122 1 P 0
L 53.5520011 53.49200122 54.0600011 53.74600122 1 P 0
L 53.5520011 54.50800122 53.8060011 54.00000122 1 P 0
L 53.5520011 54.50800122 54.0600011 54.25400122 1 P 0
L 53.9136463 4.23635424 54.4216463 3.22035424 1 P 0
L 53.9136463 4.23635424 54.9296463 4.23635424 1 P 0
L 53.94999878 4.49200016 54.45799878 5.50800016 1 P 0
L 53.975 35.4228781 54.483 36.4388781 1 P 0
L 54.03630036 23.85999292 54.54430036 22.84399292 1 P 0
L 54.03630036 23.85999292 55.05230036 23.85999292 1 P 0
L 54.0600011 51.20600122 54.5680011 50.95200122 1 P 0
L 54.0600011 51.71400122 54.5680011 51.96800122 1 P 0
L 54.0600011 53.74600122 54.5680011 53.49200122 1 P 0
L 54.0600011 54.25400122 54.5680011 54.50800122 1 P 0
L 54.21700104 44.00799936 54.72500104 42.99199936 1 P 0
L 54.21700104 44.00799936 55.23300104 44.00799936 1 P 0
L 54.3140011 51.46000122 54.5680011 50.95200122 1 P 0
L 54.3140011 51.46000122 54.5680011 51.96800122 1 P 0
L 54.3140011 54.00000122 54.5680011 53.49200122 1 P 0
L 54.3140011 54.00000122 54.5680011 54.50800122 1 P 0
L 54.4216463 3.22035424 54.9296463 4.23635424 1 P 0
L 54.54430036 22.84399292 55.05230036 23.85999292 1 P 0
L 54.72500104 42.99199936 55.23300104 44.00799936 1 P 0
L 55.0920031 39.46310878 55.6000031 38.44710878 1 P 0
L 55.0920031 39.46310878 56.1080031 39.46310878 1 P 0
L 55.0920031 40.56310658 55.6000031 39.54710658 1 P 0
L 55.0920031 40.56310658 56.1080031 40.56310658 1 P 0
L 55.39199996 3.7329999 55.89999996 2.7169999 1 P 0
L 55.39199996 3.7329999 56.40799996 3.7329999 1 P 0
L 55.44199986 37.00800066 55.94999986 35.99200066 1 P 0
L 55.44199986 37.00800066 56.45799986 37.00800066 1 P 0
L 55.54199966 36.13300114 56.04999966 35.11700114 1 P 0
L 55.54199966 36.13300114 56.55799966 36.13300114 1 P 0
L 55.6000031 38.44710878 56.1080031 39.46310878 1 P 0
L 55.6000031 39.54710658 56.1080031 40.56310658 1 P 0
L 55.89999996 2.7169999 56.40799996 3.7329999 1 P 0
L 55.94999986 35.99200066 56.45799986 37.00800066 1 P 0
L 56.04999966 35.11700114 56.55799966 36.13300114 1 P 0
L 56.0920011 50.95200122 56.3460011 51.46000122 1 P 0
L 56.0920011 50.95200122 56.6000011 51.20600122 1 P 0
L 56.0920011 51.96800122 56.3460011 51.46000122 1 P 0
L 56.0920011 51.96800122 56.6000011 51.71400122 1 P 0
L 56.0920011 53.49200122 56.3460011 54.00000122 1 P 0
L 56.0920011 53.49200122 56.6000011 53.74600122 1 P 0
L 56.0920011 54.50800122 56.3460011 54.00000122 1 P 0
L 56.0920011 54.50800122 56.6000011 54.25400122 1 P 0
L 56.36699928 37.83300028 56.87499928 36.81700028 1 P 0
L 56.36699928 37.83300028 57.38299928 37.83300028 1 P 0
L 56.38941478 38.60043842 56.89741478 37.58443842 1 P 0
L 56.38941478 38.60043842 57.40541478 38.60043842 1 P 0
L 56.49283342 40.25799924 57.00083342 39.24199924 1 P 0
L 56.49283342 40.25799924 57.50883342 40.25799924 1 P 0
L 56.6000011 51.20600122 57.1080011 50.95200122 1 P 0
L 56.6000011 51.71400122 57.1080011 51.96800122 1 P 0
L 56.6000011 53.74600122 57.1080011 53.49200122 1 P 0
L 56.6000011 54.25400122 57.1080011 54.50800122 1 P 0
L 56.69411064 37.0588794 57.20211064 36.0428794 1 P 0
L 56.69411064 37.0588794 57.71011064 37.0588794 1 P 0
L 56.7919997 48.85799982 57.2999997 47.84199982 1 P 0
L 56.7919997 48.85799982 57.8079997 48.85799982 1 P 0
L 56.8540011 51.46000122 57.1080011 50.95200122 1 P 0
L 56.8540011 51.46000122 57.1080011 51.96800122 1 P 0
L 56.8540011 54.00000122 57.1080011 53.49200122 1 P 0
L 56.8540011 54.00000122 57.1080011 54.50800122 1 P 0
L 56.87499928 36.81700028 57.38299928 37.83300028 1 P 0
L 56.89741478 37.58443842 57.40541478 38.60043842 1 P 0
L 56.96763562 45.12338956 57.47563562 44.10738956 1 P 0
L 56.96763562 45.12338956 57.98363562 45.12338956 1 P 0
L 57.00083342 39.24199924 57.50883342 40.25799924 1 P 0
L 57.17133346 4.73451936 57.67933346 3.71851936 1 P 0
L 57.17133346 4.73451936 58.18733346 4.73451936 1 P 0
L 57.20211064 36.0428794 57.71011064 37.0588794 1 P 0
L 57.29200124 9.8330004 57.80000124 8.8170004 1 P 0
L 57.29200124 9.8330004 58.30800124 9.8330004 1 P 0
L 57.2999997 47.84199982 57.8079997 48.85799982 1 P 0
L 57.30624048 11.4722402 57.81424048 10.4562402 1 P 0
L 57.30624048 11.4722402 58.32224048 11.4722402 1 P 0
L 57.47563562 44.10738956 57.98363562 45.12338956 1 P 0
L 57.67933346 3.71851936 58.18733346 4.73451936 1 P 0
L 57.80000124 8.8170004 58.30800124 9.8330004 1 P 0
L 57.81424048 10.4562402 58.32224048 11.4722402 1 P 0
L 57.85623938 19.69724026 58.36423938 18.68124026 1 P 0
L 57.85623938 19.69724026 58.87223938 19.69724026 1 P 0
L 58.36423938 18.68124026 58.87223938 19.69724026 1 P 0
L 60.15024038 25.85324014 60.65824038 24.83724014 1 P 0
L 60.15024038 25.85324014 61.16624038 25.85324014 1 P 0
L 60.65824038 24.83724014 61.16624038 25.85324014 1 P 0
L 60.89199912 25.98300112 61.39999912 24.96700112 1 P 0
L 60.89199912 25.98300112 61.90799912 25.98300112 1 P 0
L 61.01700014 47.85121748 61.52500014 46.83521748 1 P 0
L 61.01700014 47.85121748 62.03300014 47.85121748 1 P 0
L 61.39081448 12.75752592 61.89881448 11.74152592 1 P 0
L 61.39081448 12.75752592 62.40681448 12.75752592 1 P 0
L 61.39999912 24.96700112 61.90799912 25.98300112 1 P 0
L 61.4673269 25.37374402 61.9753269 24.35774402 1 P 0
L 61.4673269 25.37374402 62.4833269 25.37374402 1 P 0
L 61.52500014 46.83521748 62.03300014 47.85121748 1 P 0
L 61.84199976 41.10800008 62.34999976 40.09200008 1 P 0
L 61.84199976 41.10800008 62.85799976 41.10800008 1 P 0
L 61.89881448 11.74152592 62.40681448 12.75752592 1 P 0
L 61.91899986 33.7837907 62.42699986 32.7677907 1 P 0
L 61.91899986 33.7837907 62.93499986 33.7837907 1 P 0
L 61.9753269 24.35774402 62.4833269 25.37374402 1 P 0
L 61.99199946 9.98885226 62.49999946 8.97285226 1 P 0
L 61.99199946 9.98885226 63.00799946 9.98885226 1 P 0
L 62.26700018 45.60800124 62.77500018 44.59200124 1 P 0
L 62.26700018 45.60800124 63.28300018 45.60800124 1 P 0
L 62.34999976 40.09200008 62.85799976 41.10800008 1 P 0
L 62.42699986 32.7677907 62.93499986 33.7837907 1 P 0
L 62.49999946 8.97285226 63.00799946 9.98885226 1 P 0
L 62.77500018 44.59200124 63.28300018 45.60800124 1 P 0
L 63.02433928 31.50799642 63.53233928 30.49199642 1 P 0
L 63.02433928 31.50799642 64.04033928 31.50799642 1 P 0
L 63.36700052 50.15799722 63.87500052 49.14199722 1 P 0
L 63.36700052 50.15799722 64.38300052 50.15799722 1 P 0
L 63.53233928 30.49199642 64.04033928 31.50799642 1 P 0
L 63.87500052 49.14199722 64.38300052 50.15799722 1 P 0
L 64.35663024 48.84724038 64.86463024 47.83124038 1 P 0
L 64.35663024 48.84724038 65.37263024 48.84724038 1 P 0
L 64.86463024 47.83124038 65.37263024 48.84724038 1 P 0
L 64.99200108 30.93299884 65.50000108 29.91699884 1 P 0
L 64.99200108 30.93299884 66.00800108 30.93299884 1 P 0
L 65.29200048 22.80800112 65.80000048 21.79200112 1 P 0
L 65.29200048 22.80800112 66.30800048 22.80800112 1 P 0
L 65.50000108 29.91699884 66.00800108 30.93299884 1 P 0
L 65.80000048 21.79200112 66.30800048 22.80800112 1 P 0
L 66.8619948 19.70917064 67.3699948 18.69317064 1 P 0
L 66.8619948 19.70917064 67.8779948 19.70917064 1 P 0
L 67.3699948 18.69317064 67.8779948 19.70917064 1 P 0
L 69.13124096 19.74724016 69.63924096 18.73124016 1 P 0
L 69.13124096 19.74724016 70.14724096 19.74724016 1 P 0
L 69.63924096 18.73124016 70.14724096 19.74724016 1 P 0
L 71.39200098 38.33299928 71.90000098 37.31699928 1 P 0
L 71.39200098 38.33299928 72.40800098 38.33299928 1 P 0
L 71.5610456 31.33895688 72.0690456 30.32295688 1 P 0
L 71.5610456 31.33895688 72.5770456 31.33895688 1 P 0
L 71.90000098 37.31699928 72.40800098 38.33299928 1 P 0
L 72.0690456 30.32295688 72.5770456 31.33895688 1 P 0
L 72.2670005 36.63300014 72.7750005 35.61700014 1 P 0
L 72.2670005 36.63300014 73.2830005 36.63300014 1 P 0
L 72.7750005 35.61700014 73.2830005 36.63300014 1 P 0
L 72.84200062 32.1580002 73.35000062 31.1420002 1 P 0
L 72.84200062 32.1580002 73.85800062 32.1580002 1 P 0
L 72.96840626 35.95940738 73.47640626 34.94340738 1 P 0
L 72.96840626 35.95940738 73.98440626 35.95940738 1 P 0
L 73.35000062 31.1420002 73.85800062 32.1580002 1 P 0
L 73.47640626 34.94340738 73.98440626 35.95940738 1 P 0
L 74.33124072 37.44724032 74.83924072 36.43124032 1 P 0
L 74.33124072 37.44724032 75.34724072 37.44724032 1 P 0
L 74.83924072 36.43124032 75.34724072 37.44724032 1 P 0
L 74.91700028 47.8330006 75.42500028 46.8170006 1 P 0
L 74.91700028 47.8330006 75.93300028 47.8330006 1 P 0
L 74.94199896 35.00799958 75.44999896 33.99199958 1 P 0
L 74.94199896 35.00799958 75.95799896 35.00799958 1 P 0
L 75.04199876 33.10800084 75.54999876 32.09200084 1 P 0
L 75.04199876 33.10800084 76.05799876 33.10800084 1 P 0
L 75.04199876 34.15799874 75.54999876 33.14199874 1 P 0
L 75.04199876 34.15799874 76.05799876 34.15799874 1 P 0
L 75.36699938 31.03300118 75.87499938 30.01700118 1 P 0
L 75.36699938 31.03300118 76.38299938 31.03300118 1 P 0
L 75.41699928 29.05799878 75.92499928 28.04199878 1 P 0
L 75.41699928 29.05799878 76.43299928 29.05799878 1 P 0
L 75.42500028 46.8170006 75.93300028 47.8330006 1 P 0
L 75.44999896 33.99199958 75.95799896 35.00799958 1 P 0
L 75.54999876 32.09200084 76.05799876 33.10800084 1 P 0
L 75.54999876 33.14199874 76.05799876 34.15799874 1 P 0
L 75.87499938 30.01700118 76.38299938 31.03300118 1 P 0
L 75.92499928 28.04199878 76.43299928 29.05799878 1 P 0
L 76.4312416 45.5972418 76.9392416 44.5812418 1 P 0
L 76.4312416 45.5972418 77.4472416 45.5972418 1 P 0
L 76.9392416 44.5812418 77.4472416 45.5972418 1 P 0
L 78.59199928 47.80799938 79.09999928 46.79199938 1 P 0
L 78.59199928 47.80799938 79.60799928 47.80799938 1 P 0
L 79.09999928 46.79199938 79.60799928 47.80799938 1 P 0
L 80.91700098 45.65800114 81.42500098 44.64200114 1 P 0
L 80.91700098 45.65800114 81.93300098 45.65800114 1 P 0
L 81.29135634 28.67951592 81.79935634 27.66351592 1 P 0
L 81.29135634 28.67951592 82.30735634 28.67951592 1 P 0
L 81.42500098 44.64200114 81.93300098 45.65800114 1 P 0
L 81.79935634 27.66351592 82.30735634 28.67951592 1 P 0
