UNITS=MM
#Layer_Color=32768
#
#Feature symbol names
#
$0 r199.9996

#
#Feature attribute names
#

#
#Layer features
#
L -3.89999982 8.59999804 -3.89999982 16.99999902 0 P 0
L -20.00000064 8.59999804 -3.89999982 8.59999804 0 P 0
L -20.00000064 8.59999804 -20.00000064 16.99999902 0 P 0
L -20.00000064 16.99999902 -3.89999982 16.99999902 0 P 0
L 0.53000148 43.9000011 0.53000148 47.09999978 0 P 0
L 0.53000148 43.9000011 5.97000076 43.9000011 0 P 0
L 0.53000148 47.09999978 5.97000076 47.09999978 0 P 0
L 1.00000054 8.5900006 10.39999952 8.5900006 0 P 0
L 1.00000054 8.60000058 1.00000054 17.60000036 0 P 0
L 1.00000054 17.60000036 10.39999952 17.60000036 0 P 0
L 2.75000212 45.50000044 3.75000012 45.50000044 0 P 0
L 3.25000112 44.9999989 3.25000112 45.99999944 0 P 0
L 5.97000076 43.9000011 5.97000076 47.09999978 0 P 0
L 6.04999806 37.24999916 6.04999806 38.7499987 0 P 0
L 6.04999806 37.24999916 8.75000028 37.24999916 0 P 0
L 6.04999806 38.7499987 8.75000028 38.7499987 0 P 0
L 6.92500012 38.0000002 7.87499822 38.0000002 0 P 0
L 7.3999979 37.52499988 7.3999979 38.47499798 0 P 0
L 8.30000118 29.70000156 8.30000118 42.50000136 0 P 0
L 8.30000118 29.70000156 21.10000098 29.70000156 0 P 0
L 8.30000118 42.50000136 21.10000098 42.50000136 0 P 0
L 8.75000028 37.24999916 8.75000028 38.7499987 0 P 0
L 8.8750013 45.8499972 8.8750013 46.64999814 0 P 0
L 8.8750013 45.8499972 10.37500084 45.8499972 0 P 0
L 8.8750013 46.64999814 10.37500084 46.64999814 0 P 0
L 9.3250004 46.24999894 9.9249992 46.24999894 0 P 0
L 9.6249998 45.94999954 9.6249998 46.54999834 0 P 0
L 10.37500084 45.8499972 10.37500084 46.64999814 0 P 0
L 10.39999952 8.5900006 10.39999952 17.60000036 0 P 0
L 11.2800003 9.90000052 11.2800003 13.0999992 0 P 0
L 11.2800003 9.90000052 16.71999958 9.90000052 0 P 0
L 11.2800003 13.0999992 16.71999958 13.0999992 0 P 0
L 11.2800003 18.6500008 11.2800003 21.84999948 0 P 0
L 11.2800003 18.6500008 16.71999958 18.6500008 0 P 0
L 11.2800003 21.84999948 16.71999958 21.84999948 0 P 0
L 12.02499754 6.6999993 12.02499754 14.29999934 0 P 0
L 12.02499754 6.6999993 15.9749998 6.6999993 0 P 0
L 12.02499754 14.29999934 15.9749998 14.29999934 0 P 0
L 13.50000094 10.49999932 14.49999894 10.49999932 0 P 0
L 13.50000094 11.49999986 14.49999894 11.49999986 0 P 0
L 13.50000094 20.25000014 14.49999894 20.25000014 0 P 0
L 13.99999994 10.00000032 13.99999994 10.99999832 0 P 0
L 13.99999994 10.99999832 13.99999994 11.99999886 0 P 0
L 13.99999994 19.7499986 13.99999994 20.74999914 0 P 0
L 14.19999954 1.39999974 14.19999954 3.60000042 0 P 0
L 14.19999954 1.39999974 19.0000001 1.39999974 0 P 0
L 14.19999954 3.60000042 19.0000001 3.60000042 0 P 0
L 14.19999954 36.10000146 15.20000008 36.10000146 0 P 0
L 14.30000188 4.11100016 14.30000188 5.88900016 0 P 0
L 14.30000188 4.11100016 17.89999976 4.11100016 0 P 0
L 14.30000188 5.88900016 17.89999976 5.88900016 0 P 0
L 14.32499802 27.37499986 14.32499802 28.8749994 0 P 0
L 14.32499802 27.37499986 17.02500024 27.37499986 0 P 0
L 14.32499802 28.8749994 17.02500024 28.8749994 0 P 0
L 14.44999904 43.1500026 14.44999904 44.65000214 0 P 0
L 14.44999904 43.1500026 17.15000126 43.1500026 0 P 0
L 14.44999904 44.65000214 17.15000126 44.65000214 0 P 0
L 14.70000108 35.59999992 14.70000108 36.60000046 0 P 0
L 14.78000092 27.00000188 14.78000092 30.20000056 0 P 0
L 14.78000092 27.00000188 20.2200002 27.00000188 0 P 0
L 14.78000092 30.20000056 20.2200002 30.20000056 0 P 0
L 14.78000092 43.87499988 14.78000092 47.07499856 0 P 0
L 14.78000092 43.87499988 20.2200002 43.87499988 0 P 0
L 14.78000092 47.07499856 20.2200002 47.07499856 0 P 0
L 14.9049994 35.64999982 14.9049994 38.8499985 0 P 0
L 14.9049994 35.64999982 20.34499868 35.64999982 0 P 0
L 14.9049994 38.8499985 20.34499868 38.8499985 0 P 0
L 15.20000008 28.1250009 16.14999818 28.1250009 0 P 0
L 15.3250011 43.9000011 16.2749992 43.9000011 0 P 0
L 15.59999928 5.00000016 16.59999982 5.00000016 0 P 0
L 15.6750004 27.65000058 15.6750004 28.59999868 0 P 0
L 15.79999888 43.42500332 15.79999888 44.37500142 0 P 0
L 15.9749998 6.6999993 15.9749998 14.29999934 0 P 0
L 16.10000082 4.50000116 16.10000082 5.5000017 0 P 0
L 16.25000052 13.90000268 16.25000052 18.1000019 0 P 0
L 16.25000052 13.90000268 18.7500006 13.90000268 0 P 0
L 16.25000052 18.1000019 18.7500006 18.1000019 0 P 0
L 16.30000042 2.50000008 16.59999982 2.50000008 0 P 0
L 16.59999982 2.20000068 16.59999982 2.50000008 0 P 0
L 16.59999982 2.50000008 16.59999982 2.79999948 0 P 0
L 16.59999982 2.50000008 16.89999922 2.50000008 0 P 0
L 16.71999958 9.90000052 16.71999958 13.0999992 0 P 0
L 16.71999958 18.6500008 16.71999958 21.84999948 0 P 0
L 17.00000156 10.99469734 18.0000021 10.99469734 0 P 0
L 17.00000156 16.00000102 17.99999956 16.00000102 0 P 0
L 17.00000156 28.60000122 17.99999956 28.60000122 0 P 0
L 17.00000156 45.47499922 17.99999956 45.47499922 0 P 0
L 17.02500024 27.37499986 17.02500024 28.8749994 0 P 0
L 17.12500004 37.24999916 18.12499804 37.24999916 0 P 0
L 17.15000126 43.1500026 17.15000126 44.65000214 0 P 0
L 17.50000056 10.49469834 17.50000056 11.49469888 0 P 0
L 17.50000056 15.50000202 17.50000056 16.50000256 0 P 0
L 17.50000056 28.09999968 17.50000056 29.10000022 0 P 0
L 17.50000056 44.97499768 17.50000056 45.97499822 0 P 0
L 17.62499904 36.74999762 17.62499904 37.74999816 0 P 0
L 17.89999976 4.11100016 17.89999976 5.88900016 0 P 0
L 18.4000013 5.99999816 18.4000013 7.4999977 0 P 0
L 18.4000013 5.99999816 21.10000352 5.99999816 0 P 0
L 18.4000013 7.4999977 21.10000352 7.4999977 0 P 0
L 18.7500006 13.90000268 18.7500006 18.1000019 0 P 0
L 19.0000001 1.39999974 19.0000001 3.60000042 0 P 0
L 19.2499996 7.87699974 19.2499996 14.37700198 0 P 0
L 19.2499996 7.87699974 25.75000184 7.87699974 0 P 0
L 19.2499996 14.37700198 25.75000184 14.37700198 0 P 0
L 19.27500336 6.7499992 20.22500146 6.7499992 0 P 0
L 19.65000134 14.44999904 19.65000134 15.94999858 0 P 0
L 19.65000134 14.44999904 22.35000356 14.44999904 0 P 0
L 19.65000134 15.94999858 22.35000356 15.94999858 0 P 0
L 19.75000114 6.27499888 19.75000114 7.22499698 0 P 0
L 20.2200002 27.00000188 20.2200002 30.20000056 0 P 0
L 20.2200002 43.87499988 20.2200002 47.07499856 0 P 0
L 20.34499868 35.64999982 20.34499868 38.8499985 0 P 0
L 20.5250034 15.20000008 21.4750015 15.20000008 0 P 0
L 21.00000118 14.72499976 21.00000118 15.67499786 0 P 0
L 21.10000098 29.70000156 21.10000098 42.50000136 0 P 0
L 21.10000352 5.99999816 21.10000352 7.4999977 0 P 0
L 21.25000068 40.14999844 21.25000068 42.85000066 0 P 0
L 21.25000068 40.14999844 22.75000022 40.14999844 0 P 0
L 21.25000068 42.85000066 22.75000022 42.85000066 0 P 0
L 21.45000028 29.24999738 21.45000028 31.9499996 0 P 0
L 21.45000028 29.24999738 22.94999982 29.24999738 0 P 0
L 21.45000028 31.9499996 22.94999982 31.9499996 0 P 0
L 21.5250014 41.50000082 22.4749995 41.50000082 0 P 0
L 21.725001 30.59999976 22.6749991 30.59999976 0 P 0
L 21.7750009 37.17499804 21.7750009 39.87500026 0 P 0
L 21.7750009 37.17499804 23.27500044 37.17499804 0 P 0
L 21.7750009 39.87500026 23.27500044 39.87500026 0 P 0
L 21.99999918 41.0250005 21.99999918 41.9749986 0 P 0
L 22.00000172 12.09999866 22.00000172 12.8999996 0 P 0
L 22.00000172 12.09999866 23.50000126 12.09999866 0 P 0
L 22.00000172 12.8999996 23.50000126 12.8999996 0 P 0
L 22.05000162 38.52500042 22.99999972 38.52500042 0 P 0
L 22.09999898 22.94999982 22.09999898 24.44999936 0 P 0
L 22.09999898 22.94999982 24.8000012 22.94999982 0 P 0
L 22.09999898 24.44999936 24.8000012 24.44999936 0 P 0
L 22.12500274 20.69999924 22.12500274 21.50000018 0 P 0
L 22.12500274 20.69999924 23.62500228 20.69999924 0 P 0
L 22.12500274 21.50000018 23.62500228 21.50000018 0 P 0
L 22.19999878 30.12499944 22.19999878 31.07499754 0 P 0
L 22.35000356 14.44999904 22.35000356 15.94999858 0 P 0
L 22.45000082 12.5000004 23.04999962 12.5000004 0 P 0
L 22.5249994 38.0500001 22.5249994 38.9999982 0 P 0
L 22.57500184 21.10000098 23.17500064 21.10000098 0 P 0
L 22.75000022 12.200001 22.75000022 12.7999998 0 P 0
L 22.75000022 40.14999844 22.75000022 42.85000066 0 P 0
L 22.87500124 20.80000158 22.87500124 21.40000038 0 P 0
L 22.89999992 4.69999822 22.89999992 6.3000001 0 P 0
L 22.89999992 4.69999822 26.2999982 4.69999822 0 P 0
L 22.89999992 6.3000001 26.2999982 6.3000001 0 P 0
L 22.92500114 2.69999968 22.92500114 4.30000156 0 P 0
L 22.92500114 2.69999968 26.32499942 2.69999968 0 P 0
L 22.92500114 4.30000156 26.32499942 4.30000156 0 P 0
L 22.94999982 29.24999738 22.94999982 31.9499996 0 P 0
L 22.97500104 23.70000086 23.92499914 23.70000086 0 P 0
L 23.14999942 31.49999796 23.14999942 32.9999975 0 P 0
L 23.14999942 31.49999796 25.85000164 31.49999796 0 P 0
L 23.14999942 32.9999975 25.85000164 32.9999975 0 P 0
L 23.27500044 37.17499804 23.27500044 39.87500026 0 P 0
L 23.39999892 39.74999924 23.39999892 41.24999878 0 P 0
L 23.39999892 39.74999924 26.10000114 39.74999924 0 P 0
L 23.39999892 41.24999878 26.10000114 41.24999878 0 P 0
L 23.44999882 23.22500054 23.44999882 24.17499864 0 P 0
L 23.50000126 12.09999866 23.50000126 12.8999996 0 P 0
L 23.62500228 20.69999924 23.62500228 21.50000018 0 P 0
L 24.02500148 32.249999 24.97499958 32.249999 0 P 0
L 24.27500098 40.50000028 25.22499908 40.50000028 0 P 0
L 24.29999966 5.49999916 24.59999906 5.49999916 0 P 0
L 24.32500088 3.50000062 24.62500028 3.50000062 0 P 0
L 24.49999926 31.77499868 24.49999926 32.72499678 0 P 0
L 24.59999906 5.19999976 24.59999906 5.49999916 0 P 0
L 24.59999906 5.49999916 24.59999906 5.79999856 0 P 0
L 24.59999906 5.49999916 24.89999846 5.49999916 0 P 0
L 24.62500028 3.20000122 24.62500028 3.50000062 0 P 0
L 24.62500028 3.50000062 24.62500028 3.80000002 0 P 0
L 24.62500028 3.50000062 24.92499968 3.50000062 0 P 0
L 24.74999876 40.02499996 24.74999876 40.97499806 0 P 0
L 24.8000012 22.94999982 24.8000012 24.44999936 0 P 0
L 25.75000184 7.87699974 25.75000184 14.37700198 0 P 0
L 25.85000164 31.49999796 25.85000164 32.9999975 0 P 0
L 26.10000114 39.74999924 26.10000114 41.24999878 0 P 0
L 26.12500236 37.59999846 26.12500236 38.3999994 0 P 0
L 26.12500236 37.59999846 27.6250019 37.59999846 0 P 0
L 26.12500236 38.3999994 27.6250019 38.3999994 0 P 0
L 26.2999982 4.69999822 26.2999982 6.3000001 0 P 0
L 26.32499942 2.69999968 26.32499942 4.30000156 0 P 0
L 26.35000064 29.09999768 26.35000064 29.89999862 0 P 0
L 26.35000064 29.09999768 27.85000018 29.09999768 0 P 0
L 26.35000064 29.89999862 27.85000018 29.89999862 0 P 0
L 26.4999978 17.7500026 26.4999978 19.25000214 0 P 0
L 26.4999978 17.7500026 29.20000002 17.7500026 0 P 0
L 26.4999978 19.25000214 29.20000002 19.25000214 0 P 0
L 26.57500146 38.0000002 27.17500026 38.0000002 0 P 0
L 26.79999974 29.49999942 27.39999854 29.49999942 0 P 0
L 26.87500086 37.7000008 26.87500086 38.2999996 0 P 0
L 26.87500086 45.8499972 26.87500086 46.64999814 0 P 0
L 26.87500086 45.8499972 28.3750004 45.8499972 0 P 0
L 26.87500086 46.64999814 28.3750004 46.64999814 0 P 0
L 27.09999914 29.20000002 27.09999914 29.79999882 0 P 0
L 27.32499996 46.24999894 27.92499876 46.24999894 0 P 0
L 27.37499986 18.5000011 28.32499796 18.5000011 0 P 0
L 27.53000082 18.4000013 27.53000082 21.59999998 0 P 0
L 27.53000082 18.4000013 32.9700001 18.4000013 0 P 0
L 27.53000082 21.59999998 32.9700001 21.59999998 0 P 0
L 27.62499936 45.94999954 27.62499936 46.54999834 0 P 0
L 27.6250019 37.59999846 27.6250019 38.3999994 0 P 0
L 27.78000032 10.15000002 27.78000032 13.3499987 0 P 0
L 27.78000032 10.15000002 33.2199996 10.15000002 0 P 0
L 27.78000032 13.3499987 33.2199996 13.3499987 0 P 0
L 27.84999764 18.02500332 27.84999764 18.97500142 0 P 0
L 27.85000018 29.09999768 27.85000018 29.89999862 0 P 0
L 28.3750004 45.8499972 28.3750004 46.64999814 0 P 0
L 29.04999778 41.65000052 29.04999778 44.35000274 0 P 0
L 29.04999778 41.65000052 30.54999732 41.65000052 0 P 0
L 29.04999778 44.35000274 30.54999732 44.35000274 0 P 0
L 29.07249964 45.2474965 29.07249964 47.94749872 0 P 0
L 29.07249964 45.2474965 30.57249918 45.2474965 0 P 0
L 29.07249964 47.94749872 30.57249918 47.94749872 0 P 0
L 29.15000266 37.94999776 29.15000266 40.64999998 0 P 0
L 29.15000266 37.94999776 30.6500022 37.94999776 0 P 0
L 29.15000266 40.64999998 30.6500022 40.64999998 0 P 0
L 29.20000002 17.7500026 29.20000002 19.25000214 0 P 0
L 29.25000246 24.04999762 29.25000246 26.74999984 0 P 0
L 29.25000246 24.04999762 30.750002 24.04999762 0 P 0
L 29.25000246 26.74999984 30.750002 26.74999984 0 P 0
L 29.3249985 43.00000036 30.2749966 43.00000036 0 P 0
L 29.34750036 46.59749634 30.29749846 46.59749634 0 P 0
L 29.35000226 27.84999764 29.35000226 30.54999986 0 P 0
L 29.35000226 27.84999764 30.8500018 27.84999764 0 P 0
L 29.35000226 30.54999986 30.8500018 30.54999986 0 P 0
L 29.35000226 31.7999999 29.35000226 34.50000212 0 P 0
L 29.35000226 31.7999999 30.8500018 31.7999999 0 P 0
L 29.35000226 34.50000212 30.8500018 34.50000212 0 P 0
L 29.42500338 39.30000014 30.37500148 39.30000014 0 P 0
L 29.52500318 25.4 30.47500128 25.4 0 P 0
L 29.62500298 29.20000002 30.57500108 29.20000002 0 P 0
L 29.62500298 33.15000228 30.57500108 33.15000228 0 P 0
L 29.75000146 20.00000064 30.74999946 20.00000064 0 P 0
L 29.79999882 42.52500258 29.79999882 43.47500068 0 P 0
L 29.82250068 46.12249856 29.82250068 47.07249666 0 P 0
L 29.90000116 38.82499982 29.90000116 39.77499792 0 P 0
L 30.00000096 11.74999936 30.99999896 11.74999936 0 P 0
L 30.00000096 24.92499968 30.00000096 25.87499778 0 P 0
L 30.10000076 28.7249997 30.10000076 29.6749978 0 P 0
L 30.10000076 32.67500196 30.10000076 33.62500006 0 P 0
L 30.25000046 19.4999991 30.25000046 20.49999964 0 P 0
L 30.49999996 11.24999782 30.49999996 12.24999836 0 P 0
L 30.54999732 41.65000052 30.54999732 44.35000274 0 P 0
L 30.57249918 45.2474965 30.57249918 47.94749872 0 P 0
L 30.6500022 37.94999776 30.6500022 40.64999998 0 P 0
L 30.750002 24.04999762 30.750002 26.74999984 0 P 0
L 30.79999936 39.17499912 30.79999936 48.4249984 0 P 0
L 30.79999936 39.17499912 38.1999998 39.17499912 0 P 0
L 30.79999936 48.4249984 38.1999998 48.4249984 0 P 0
L 30.8500018 27.84999764 30.8500018 30.54999986 0 P 0
L 30.8500018 31.7999999 30.8500018 34.50000212 0 P 0
L 31.6000003 24.67500018 31.6000003 33.92499946 0 P 0
L 31.6000003 24.67500018 39.00000074 24.67500018 0 P 0
L 31.6000003 33.92499946 39.00000074 33.92499946 0 P 0
L 31.76500124 35.40000032 31.76500124 38.599999 0 P 0
L 31.76500124 35.40000032 37.20500052 35.40000032 0 P 0
L 31.76500124 38.599999 37.20500052 38.599999 0 P 0
L 31.77999994 26.89999954 31.77999994 30.09999822 0 P 0
L 31.77999994 26.89999954 37.21999922 26.89999954 0 P 0
L 31.77999994 30.09999822 37.21999922 30.09999822 0 P 0
L 31.77999994 43.6500016 31.77999994 46.85000028 0 P 0
L 31.77999994 43.6500016 37.21999922 43.6500016 0 P 0
L 31.77999994 46.85000028 37.21999922 46.85000028 0 P 0
L 32.51464668 4.54999852 32.51464668 8.45000088 0 P 0
L 32.51464668 4.54999852 37.48535556 4.54999852 0 P 0
L 32.51464668 8.45000088 37.48535556 8.45000088 0 P 0
L 32.9700001 18.4000013 32.9700001 21.59999998 0 P 0
L 33.2199996 10.15000002 33.2199996 13.3499987 0 P 0
L 33.40000178 36.35000096 33.40000178 37.8500005 0 P 0
L 33.40000178 36.35000096 36.100004 36.35000096 0 P 0
L 33.40000178 37.8500005 36.100004 37.8500005 0 P 0
L 33.98500188 36.99999966 34.98499988 36.99999966 0 P 0
L 33.99999804 43.79999876 34.99999858 43.79999876 0 P 0
L 34.00000058 28.49999888 34.99999858 28.49999888 0 P 0
L 34.00000058 45.25000094 34.99999858 45.25000094 0 P 0
L 34.2250014 22.10000152 34.2250014 23.60000106 0 P 0
L 34.2250014 22.10000152 36.92500362 22.10000152 0 P 0
L 34.2250014 23.60000106 36.92500362 23.60000106 0 P 0
L 34.27500384 37.09999946 35.22500194 37.09999946 0 P 0
L 34.48500088 36.49999812 34.48500088 37.49999866 0 P 0
L 34.49999958 27.99999734 34.49999958 28.99999788 0 P 0
L 34.49999958 43.29999976 34.49999958 44.29999776 0 P 0
L 34.49999958 44.7499994 34.49999958 45.74999994 0 P 0
L 34.50000212 6.4999997 35.50000012 6.4999997 0 P 0
L 34.75000162 36.62500168 34.75000162 37.57499978 0 P 0
L 34.79999898 29.29999982 35.79999952 29.29999982 0 P 0
L 35.00000112 6.0000007 35.00000112 6.9999987 0 P 0
L 35.10000346 22.85000002 36.05000156 22.85000002 0 P 0
L 35.30000052 28.80000082 35.30000052 29.79999882 0 P 0
L 35.57500124 22.37500224 35.57500124 23.32500034 0 P 0
L 36.100004 36.35000096 36.100004 37.8500005 0 P 0
L 36.40000086 14.49999894 36.40000086 15.99999848 0 P 0
L 36.40000086 14.49999894 39.10000308 14.49999894 0 P 0
L 36.40000086 15.99999848 39.10000308 15.99999848 0 P 0
L 36.49999812 5.99999816 36.49999812 7.4999977 0 P 0
L 36.49999812 5.99999816 39.20000034 5.99999816 0 P 0
L 36.49999812 7.4999977 39.20000034 7.4999977 0 P 0
L 36.92500362 22.10000152 36.92500362 23.60000106 0 P 0
L 37.20500052 35.40000032 37.20500052 38.599999 0 P 0
L 37.21999922 26.89999954 37.21999922 30.09999822 0 P 0
L 37.21999922 43.6500016 37.21999922 46.85000028 0 P 0
L 37.27500292 15.24999998 38.22500102 15.24999998 0 P 0
L 37.37500018 6.7499992 38.32499828 6.7499992 0 P 0
L 37.48535556 4.54999852 37.48535556 8.45000088 0 P 0
L 37.7500007 14.77499966 37.7500007 15.72499776 0 P 0
L 37.84999796 6.27499888 37.84999796 7.22499698 0 P 0
L 38.1999998 39.17499912 38.1999998 48.4249984 0 P 0
L 39.00000074 24.67500018 39.00000074 33.92499946 0 P 0
L 39.10000308 14.49999894 39.10000308 15.99999848 0 P 0
L 39.20000034 5.99999816 39.20000034 7.4999977 0 P 0
L 39.39999994 22.99999972 39.39999994 24.49999926 0 P 0
L 39.39999994 22.99999972 42.10000216 22.99999972 0 P 0
L 39.39999994 24.49999926 42.10000216 24.49999926 0 P 0
L 40.12499976 20.59999944 40.12499976 21.40000038 0 P 0
L 40.12499976 20.59999944 41.6249993 20.59999944 0 P 0
L 40.12499976 21.40000038 41.6249993 21.40000038 0 P 0
L 40.275002 23.75000076 41.2250001 23.75000076 0 P 0
L 40.40000048 39.74999924 40.40000048 41.24999878 0 P 0
L 40.40000048 39.74999924 43.1000027 39.74999924 0 P 0
L 40.40000048 41.24999878 43.1000027 41.24999878 0 P 0
L 40.57499886 21.00000118 41.17499766 21.00000118 0 P 0
L 40.64999998 31.49999796 40.64999998 32.9999975 0 P 0
L 40.64999998 31.49999796 43.3500022 31.49999796 0 P 0
L 40.64999998 32.9999975 43.3500022 32.9999975 0 P 0
L 40.74999978 23.27500044 40.74999978 24.22499854 0 P 0
L 40.87499826 20.70000178 40.87499826 21.30000058 0 P 0
L 41.25000132 12.59999766 41.25000132 13.3999986 0 P 0
L 41.25000132 12.59999766 42.75000086 12.59999766 0 P 0
L 41.25000132 13.3999986 42.75000086 13.3999986 0 P 0
L 41.27500254 40.50000028 42.22500064 40.50000028 0 P 0
L 41.52500204 32.249999 42.47500014 32.249999 0 P 0
L 41.6249993 20.59999944 41.6249993 21.40000038 0 P 0
L 41.70000042 12.9999994 42.29999922 12.9999994 0 P 0
L 41.75000032 40.02499996 41.75000032 40.97499806 0 P 0
L 41.99999982 12.7 41.99999982 13.2999988 0 P 0
L 41.99999982 31.77499868 41.99999982 32.72499678 0 P 0
L 42.10000216 22.99999972 42.10000216 24.49999926 0 P 0
L 42.75000086 12.59999766 42.75000086 13.3999986 0 P 0
L 43.1000027 39.74999924 43.1000027 41.24999878 0 P 0
L 43.34999966 41.35000112 43.34999966 44.05000334 0 P 0
L 43.34999966 41.35000112 44.8499992 41.35000112 0 P 0
L 43.34999966 44.05000334 44.8499992 44.05000334 0 P 0
L 43.3500022 31.49999796 43.3500022 32.9999975 0 P 0
L 43.3500022 45.2499984 43.3500022 47.95000062 0 P 0
L 43.3500022 45.2499984 44.85000174 45.2499984 0 P 0
L 43.3500022 47.95000062 44.85000174 47.95000062 0 P 0
L 43.44999946 37.49999866 43.44999946 40.20000088 0 P 0
L 43.44999946 37.49999866 44.949999 37.49999866 0 P 0
L 43.44999946 40.20000088 44.949999 40.20000088 0 P 0
L 43.62500038 42.70000096 44.57499848 42.70000096 0 P 0
L 43.62500292 46.60000078 44.57500102 46.60000078 0 P 0
L 43.6500016 46.19999904 43.6500016 46.99999998 0 P 0
L 43.6500016 46.19999904 45.15000114 46.19999904 0 P 0
L 43.6500016 46.99999998 45.15000114 46.99999998 0 P 0
L 43.72500018 38.8499985 44.67499828 38.8499985 0 P 0
L 43.87500242 37.59999846 43.87500242 38.3999994 0 P 0
L 43.87500242 37.59999846 45.37500196 37.59999846 0 P 0
L 43.87500242 38.3999994 45.37500196 38.3999994 0 P 0
L 44.1000007 42.22500318 44.1000007 43.17500128 0 P 0
L 44.1000007 46.12500046 44.1000007 47.07499856 0 P 0
L 44.1000007 46.60000078 44.6999995 46.60000078 0 P 0
L 44.12500192 29.09999768 44.12500192 29.89999862 0 P 0
L 44.12500192 29.09999768 45.62500146 29.09999768 0 P 0
L 44.12500192 29.89999862 45.62500146 29.89999862 0 P 0
L 44.2000005 38.37500072 44.2000005 39.32499882 0 P 0
L 44.25000294 30.79999936 44.25000294 33.50000158 0 P 0
L 44.25000294 30.79999936 45.75000248 30.79999936 0 P 0
L 44.25000294 33.50000158 45.75000248 33.50000158 0 P 0
L 44.32500152 38.0000002 44.92500032 38.0000002 0 P 0
L 44.35000274 23.09999952 44.35000274 25.80000174 0 P 0
L 44.35000274 23.09999952 45.85000228 23.09999952 0 P 0
L 44.35000274 25.80000174 45.85000228 25.80000174 0 P 0
L 44.4000001 46.30000138 44.4000001 46.90000018 0 P 0
L 44.42500132 26.9999968 44.42500132 29.69999902 0 P 0
L 44.42500132 26.9999968 45.92500086 26.9999968 0 P 0
L 44.42500132 29.69999902 45.92500086 29.69999902 0 P 0
L 44.52500366 32.15000174 45.47500176 32.15000174 0 P 0
L 44.57500102 29.49999942 45.17499982 29.49999942 0 P 0
L 44.62500092 37.7000008 44.62500092 38.2999996 0 P 0
L 44.62500346 24.4500019 45.57500156 24.4500019 0 P 0
L 44.70000204 28.34999918 45.65000014 28.34999918 0 P 0
L 44.8499992 41.35000112 44.8499992 44.05000334 0 P 0
L 44.85000174 45.2499984 44.85000174 47.95000062 0 P 0
L 44.87500042 29.20000002 44.87500042 29.79999882 0 P 0
L 44.949999 37.49999866 44.949999 40.20000088 0 P 0
L 45.00000144 31.67500142 45.00000144 32.62499952 0 P 0
L 45.10000124 23.97500158 45.10000124 24.92499968 0 P 0
L 45.15000114 46.19999904 45.15000114 46.99999998 0 P 0
L 45.17499982 27.87499886 45.17499982 28.82499696 0 P 0
L 45.37500196 37.59999846 45.37500196 38.3999994 0 P 0
L 45.62500146 29.09999768 45.62500146 29.89999862 0 P 0
L 45.75000248 30.79999936 45.75000248 33.50000158 0 P 0
L 45.85000228 23.09999952 45.85000228 25.80000174 0 P 0
L 45.92500086 26.9999968 45.92500086 29.69999902 0 P 0
L 46.95000262 25.31500144 46.95000262 34.56500072 0 P 0
L 46.95000262 25.31500144 54.35000306 25.31500144 0 P 0
L 46.95000262 34.56500072 54.35000306 34.56500072 0 P 0
L 47.09999978 39.47500106 47.09999978 48.72500034 0 P 0
L 47.09999978 39.47500106 54.50000022 39.47500106 0 P 0
L 47.09999978 48.72500034 54.50000022 48.72500034 0 P 0
L 48.52999946 27.15000158 48.52999946 30.35000026 0 P 0
L 48.52999946 27.15000158 53.96999874 27.15000158 0 P 0
L 48.52999946 30.35000026 53.96999874 30.35000026 0 P 0
L 48.52999946 35.64999982 48.52999946 38.8499985 0 P 0
L 48.52999946 35.64999982 53.96999874 35.64999982 0 P 0
L 48.52999946 38.8499985 53.96999874 38.8499985 0 P 0
L 48.7800015 10.65000156 48.7800015 13.85000024 0 P 0
L 48.7800015 10.65000156 54.22000078 10.65000156 0 P 0
L 48.7800015 13.85000024 54.22000078 13.85000024 0 P 0
L 48.7800015 18.6500008 48.7800015 21.84999948 0 P 0
L 48.7800015 18.6500008 54.22000078 18.6500008 0 P 0
L 48.7800015 21.84999948 54.22000078 21.84999948 0 P 0
L 48.7800015 43.9000011 48.7800015 47.09999978 0 P 0
L 48.7800015 43.9000011 54.22000078 43.9000011 0 P 0
L 48.7800015 47.09999978 54.22000078 47.09999978 0 P 0
L 49.800002 36.45000076 49.800002 37.9500003 0 P 0
L 49.800002 36.45000076 52.50000422 36.45000076 0 P 0
L 49.800002 37.9500003 52.50000422 37.9500003 0 P 0
L 50.1500013 29.94000108 51.15000184 29.94000108 0 P 0
L 50.29999846 44.1000007 51.299999 44.1000007 0 P 0
L 50.65000284 29.44000208 50.65000284 30.44000008 0 P 0
L 50.67500406 37.19999926 51.62500216 37.19999926 0 P 0
L 50.7500001 28.75000092 51.7499981 28.75000092 0 P 0
L 50.7500001 37.24999916 51.7499981 37.24999916 0 P 0
L 50.8 43.6000017 50.8 44.5999997 0 P 0
L 50.84999736 23.84999802 50.84999736 25.34999756 0 P 0
L 50.84999736 23.84999802 53.54999958 23.84999802 0 P 0
L 50.84999736 25.34999756 53.54999958 25.34999756 0 P 0
L 51.00000214 12.2500009 52.00000014 12.2500009 0 P 0
L 51.00000214 20.25000014 52.00000014 20.25000014 0 P 0
L 51.00000214 45.50000044 52.00000014 45.50000044 0 P 0
L 51.15000184 36.72500148 51.15000184 37.67499958 0 P 0
L 51.2499991 28.24999938 51.2499991 29.24999992 0 P 0
L 51.2499991 36.74999762 51.2499991 37.74999816 0 P 0
L 51.50000114 11.74999936 51.50000114 12.7499999 0 P 0
L 51.50000114 19.7499986 51.50000114 20.74999914 0 P 0
L 51.50000114 44.9999989 51.50000114 45.99999944 0 P 0
L 51.72499942 24.59999906 52.67499752 24.59999906 0 P 0
L 52.19999974 24.12499874 52.19999974 25.07499684 0 P 0
L 52.50000422 36.45000076 52.50000422 37.9500003 0 P 0
L 53.54999958 23.84999802 53.54999958 25.34999756 0 P 0
L 53.96999874 27.15000158 53.96999874 30.35000026 0 P 0
L 53.96999874 35.64999982 53.96999874 38.8499985 0 P 0
L 54.22000078 10.65000156 54.22000078 13.85000024 0 P 0
L 54.22000078 18.6500008 54.22000078 21.84999948 0 P 0
L 54.22000078 43.9000011 54.22000078 47.09999978 0 P 0
L 54.35000306 25.31500144 54.35000306 34.56500072 0 P 0
L 54.50000022 39.47500106 54.50000022 48.72500034 0 P 0
L 56.39999896 7.2499982 56.39999896 8.74999774 0 P 0
L 56.39999896 7.2499982 59.10000118 7.2499982 0 P 0
L 56.39999896 8.74999774 59.10000118 8.74999774 0 P 0
L 57.15 39.74999924 57.15 41.24999878 0 P 0
L 57.15 39.74999924 59.85000222 39.74999924 0 P 0
L 57.15 41.24999878 59.85000222 41.24999878 0 P 0
L 57.27500102 7.99999924 58.22499912 7.99999924 0 P 0
L 57.3999995 14.74999844 57.3999995 16.24999798 0 P 0
L 57.3999995 14.74999844 60.10000172 14.74999844 0 P 0
L 57.3999995 16.24999798 60.10000172 16.24999798 0 P 0
L 57.3999995 22.99999972 57.3999995 24.49999926 0 P 0
L 57.3999995 22.99999972 60.10000172 22.99999972 0 P 0
L 57.3999995 24.49999926 60.10000172 24.49999926 0 P 0
L 57.3999995 31.49999796 57.3999995 32.9999975 0 P 0
L 57.3999995 31.49999796 60.10000172 31.49999796 0 P 0
L 57.3999995 32.9999975 60.10000172 32.9999975 0 P 0
L 57.7499988 7.52499892 57.7499988 8.47499702 0 P 0
L 58.02500206 40.50000028 58.97500016 40.50000028 0 P 0
L 58.27500156 15.49999948 59.22499966 15.49999948 0 P 0
L 58.27500156 23.75000076 59.22499966 23.75000076 0 P 0
L 58.27500156 32.249999 59.22499966 32.249999 0 P 0
L 58.49999984 40.02499996 58.49999984 40.97499806 0 P 0
L 58.74999934 15.02499916 58.74999934 15.97499726 0 P 0
L 58.74999934 23.27500044 58.74999934 24.22499854 0 P 0
L 58.74999934 31.77499868 58.74999934 32.72499678 0 P 0
L 59.10000118 7.2499982 59.10000118 8.74999774 0 P 0
L 59.85000222 39.74999924 59.85000222 41.24999878 0 P 0
L 60.10000172 14.74999844 60.10000172 16.24999798 0 P 0
L 60.10000172 22.99999972 60.10000172 24.49999926 0 P 0
L 60.10000172 31.49999796 60.10000172 32.9999975 0 P 0
L 60.75000042 12.59999766 60.75000042 13.3999986 0 P 0
L 60.75000042 12.59999766 62.24999996 12.59999766 0 P 0
L 60.75000042 13.3999986 62.24999996 13.3999986 0 P 0
L 60.75000042 29.09999768 60.75000042 29.89999862 0 P 0
L 60.75000042 29.09999768 62.24999996 29.09999768 0 P 0
L 60.75000042 29.89999862 62.24999996 29.89999862 0 P 0
L 60.99999992 20.85000148 60.99999992 21.65000242 0 P 0
L 60.99999992 20.85000148 62.49999946 20.85000148 0 P 0
L 60.99999992 21.65000242 62.49999946 21.65000242 0 P 0
L 61.00000246 37.59999846 61.00000246 38.3999994 0 P 0
L 61.00000246 37.59999846 62.500002 37.59999846 0 P 0
L 61.00000246 38.3999994 62.500002 38.3999994 0 P 0
L 61.19999952 12.9999994 61.79999832 12.9999994 0 P 0
L 61.19999952 29.49999942 61.79999832 29.49999942 0 P 0
L 61.37500298 45.8499972 61.37500298 46.64999814 0 P 0
L 61.37500298 45.8499972 62.87500252 45.8499972 0 P 0
L 61.37500298 46.64999814 62.87500252 46.64999814 0 P 0
L 61.45000156 21.25000068 62.05000036 21.25000068 0 P 0
L 61.45000156 38.0000002 62.05000036 38.0000002 0 P 0
L 61.49999892 12.7 61.49999892 13.2999988 0 P 0
L 61.49999892 29.20000002 61.49999892 29.79999882 0 P 0
L 61.75000096 20.95000128 61.75000096 21.55000008 0 P 0
L 61.75000096 37.7000008 61.75000096 38.2999996 0 P 0
L 61.82500208 46.24999894 62.42500088 46.24999894 0 P 0
L 62.12500148 45.94999954 62.12500148 46.54999834 0 P 0
L 62.24999996 12.59999766 62.24999996 13.3999986 0 P 0
L 62.24999996 29.09999768 62.24999996 29.89999862 0 P 0
L 62.49999946 20.85000148 62.49999946 21.65000242 0 P 0
L 62.500002 37.59999846 62.500002 38.3999994 0 P 0
L 62.87500252 45.8499972 62.87500252 46.64999814 0 P 0
