UNITS=MM
#Layer_Color=16711935
#
#Feature symbol names
#
$0 r199.9996

#
#Feature attribute names
#

#
#Layer features
#
L 6.54500088 49.99000162 6.54500088 55.47000082 0 P 0
L 6.54500088 49.99000162 58.39500132 49.99000162 0 P 0
L 6.54500088 55.47000082 58.39500132 55.47000082 0 P 0
L 7.05000114 43.64999906 7.05000114 45.35000074 0 P 0
L 7.05000114 43.64999906 10.44999942 43.64999906 0 P 0
L 7.05000114 45.35000074 10.44999942 45.35000074 0 P 0
L 7.40000044 39.05000318 7.40000044 41.45000092 0 P 0
L 7.40000044 39.05000318 8.59999804 39.05000318 0 P 0
L 7.40000044 41.45000092 8.59999804 41.45000092 0 P 0
L 7.52500146 40.25000586 8.4750021 40.2500084 0 P 0
L 8.00000178 39.77500554 8.00000178 40.72500618 0 P 0
L 8.59999804 39.05000318 8.59999804 41.45000092 0 P 0
L 9.2250006 37.54999856 9.2250006 41.45000092 0 P 0
L 9.2250006 37.54999856 12.77500112 37.54999856 0 P 0
L 9.2250006 41.45000092 12.77500112 41.45000092 0 P 0
L 10.44999942 43.64999906 10.44999942 45.35000074 0 P 0
L 12.77500112 37.54999856 12.77500112 41.45000092 0 P 0
L 18.050002 11.14999802 18.050002 12.8499997 0 P 0
L 18.050002 11.14999802 21.45000028 11.14999802 0 P 0
L 18.050002 12.8499997 21.45000028 12.8499997 0 P 0
L 18.1000019 19.8499984 18.1000019 21.55000008 0 P 0
L 18.1000019 19.8499984 21.50000018 19.8499984 0 P 0
L 18.1000019 21.55000008 21.50000018 21.55000008 0 P 0
L 21.00000118 16.00000356 21.00000118 18.4000013 0 P 0
L 21.00000118 16.00000356 22.19999878 16.00000356 0 P 0
L 21.00000118 18.4000013 22.19999878 18.4000013 0 P 0
L 21.05000108 45.1499986 21.05000108 46.85000028 0 P 0
L 21.05000108 45.1499986 24.44999936 45.1499986 0 P 0
L 21.05000108 46.85000028 24.44999936 46.85000028 0 P 0
L 21.10058772 7.20484462 21.10058772 9.60484236 0 P 0
L 21.10058772 7.20484462 22.30058532 7.20484462 0 P 0
L 21.10058772 9.60484236 22.30058532 9.60484236 0 P 0
L 21.1250022 17.20000624 22.07500284 17.20000878 0 P 0
L 21.22558874 8.4048473 22.17558938 8.40484984 0 P 0
L 21.30000058 36.89999986 21.30000058 38.60000154 0 P 0
L 21.30000058 36.89999986 24.69999886 36.89999986 0 P 0
L 21.30000058 38.60000154 24.69999886 38.60000154 0 P 0
L 21.45000028 11.14999802 21.45000028 12.8499997 0 P 0
L 21.50000018 19.8499984 21.50000018 21.55000008 0 P 0
L 21.55000008 28.39999908 21.55000008 30.10000076 0 P 0
L 21.55000008 28.39999908 24.94999836 28.39999908 0 P 0
L 21.55000008 30.10000076 24.94999836 30.10000076 0 P 0
L 21.60000252 16.72500592 21.60000252 17.67500656 0 P 0
L 21.70058906 7.92984698 21.70058906 8.87984762 0 P 0
L 22.19999878 16.00000356 22.19999878 18.4000013 0 P 0
L 22.30058532 7.20484462 22.30058532 9.60484236 0 P 0
L 22.4749995 6.24999766 22.4749995 10.15000002 0 P 0
L 22.4749995 6.24999766 26.02500002 6.24999766 0 P 0
L 22.4749995 10.15000002 26.02500002 10.15000002 0 P 0
L 22.6749991 14.74999844 22.6749991 18.6500008 0 P 0
L 22.6749991 14.74999844 26.22499962 14.74999844 0 P 0
L 22.6749991 18.6500008 26.22499962 18.6500008 0 P 0
L 24.44999936 45.1499986 24.44999936 46.85000028 0 P 0
L 24.69999886 36.89999986 24.69999886 38.60000154 0 P 0
L 24.900001 24.3000022 24.900001 26.69999994 0 P 0
L 24.900001 24.3000022 26.0999986 24.3000022 0 P 0
L 24.900001 26.69999994 26.0999986 26.69999994 0 P 0
L 24.900001 33.05000248 24.900001 35.45000022 0 P 0
L 24.900001 33.05000248 26.0999986 33.05000248 0 P 0
L 24.900001 35.45000022 26.0999986 35.45000022 0 P 0
L 24.900001 41.55000326 24.900001 43.950001 0 P 0
L 24.900001 41.55000326 26.0999986 41.55000326 0 P 0
L 24.900001 43.950001 26.0999986 43.950001 0 P 0
L 24.94999836 28.39999908 24.94999836 30.10000076 0 P 0
L 25.02500202 25.50000488 25.97500266 25.50000742 0 P 0
L 25.02500202 34.25000516 25.97500266 34.2500077 0 P 0
L 25.02500202 42.75000594 25.97500266 42.75000848 0 P 0
L 25.50000234 25.02500456 25.50000234 25.9750052 0 P 0
L 25.50000234 33.77500484 25.50000234 34.72500548 0 P 0
L 25.50000234 42.27500562 25.50000234 43.22500626 0 P 0
L 26.02500002 6.24999766 26.02500002 10.15000002 0 P 0
L 26.0999986 24.3000022 26.0999986 26.69999994 0 P 0
L 26.0999986 33.05000248 26.0999986 35.45000022 0 P 0
L 26.0999986 41.55000326 26.0999986 43.950001 0 P 0
L 26.22499962 14.74999844 26.22499962 18.6500008 0 P 0
L 26.47499912 23.24999922 26.47499912 27.15000158 0 P 0
L 26.47499912 23.24999922 30.02499964 23.24999922 0 P 0
L 26.47499912 27.15000158 30.02499964 27.15000158 0 P 0
L 26.47499912 31.7999999 26.47499912 35.70000226 0 P 0
L 26.47499912 31.7999999 30.02499964 31.7999999 0 P 0
L 26.47499912 35.70000226 30.02499964 35.70000226 0 P 0
L 26.47499912 39.99999874 26.47499912 43.9000011 0 P 0
L 26.47499912 39.99999874 30.02499964 39.99999874 0 P 0
L 26.47499912 43.9000011 30.02499964 43.9000011 0 P 0
L 30.02499964 23.24999922 30.02499964 27.15000158 0 P 0
L 30.02499964 31.7999999 30.02499964 35.70000226 0 P 0
L 30.02499964 39.99999874 30.02499964 43.9000011 0 P 0
L 34.05000048 11.40000006 34.05000048 13.10000174 0 P 0
L 34.05000048 11.40000006 37.44999876 11.40000006 0 P 0
L 34.05000048 13.10000174 37.44999876 13.10000174 0 P 0
L 34.15000028 19.8999983 34.15000028 21.59999998 0 P 0
L 34.15000028 19.8999983 37.54999856 19.8999983 0 P 0
L 34.15000028 21.59999998 37.54999856 21.59999998 0 P 0
L 37.44999876 11.40000006 37.44999876 13.10000174 0 P 0
L 37.54999856 19.8999983 37.54999856 21.59999998 0 P 0
L 37.600001 16.20000316 37.600001 18.6000009 0 P 0
L 37.600001 16.20000316 38.7999986 16.20000316 0 P 0
L 37.600001 18.6000009 38.7999986 18.6000009 0 P 0
L 37.72500202 17.40000584 38.67500266 17.40000838 0 P 0
L 37.9000004 7.60000258 37.9000004 10.00000032 0 P 0
L 37.9000004 7.60000258 39.099998 7.60000258 0 P 0
L 37.9000004 10.00000032 39.099998 10.00000032 0 P 0
L 38.02500142 8.80000526 38.97500206 8.8000078 0 P 0
L 38.07500132 44.67499828 38.07500132 46.37499996 0 P 0
L 38.07500132 44.67499828 41.4749996 44.67499828 0 P 0
L 38.07500132 46.37499996 41.4749996 46.37499996 0 P 0
L 38.20000234 16.92500552 38.20000234 17.87500616 0 P 0
L 38.2999996 36.65000036 38.2999996 38.35000204 0 P 0
L 38.2999996 36.65000036 41.69999788 36.65000036 0 P 0
L 38.2999996 38.35000204 41.69999788 38.35000204 0 P 0
L 38.50000174 8.32500494 38.50000174 9.27500558 0 P 0
L 38.55000164 28.14999958 38.55000164 29.85000126 0 P 0
L 38.55000164 28.14999958 41.94999992 28.14999958 0 P 0
L 38.55000164 29.85000126 41.94999992 29.85000126 0 P 0
L 38.7999986 16.20000316 38.7999986 18.6000009 0 P 0
L 39.099998 7.60000258 39.099998 10.00000032 0 P 0
L 39.47499852 6.04999806 39.47499852 9.95000042 0 P 0
L 39.47499852 6.04999806 43.02499904 6.04999806 0 P 0
L 39.47499852 9.95000042 43.02499904 9.95000042 0 P 0
L 39.47499852 14.49999894 39.47499852 18.4000013 0 P 0
L 39.47499852 14.49999894 43.02499904 14.49999894 0 P 0
L 39.47499852 18.4000013 43.02499904 18.4000013 0 P 0
L 41.4749996 44.67499828 41.4749996 46.37499996 0 P 0
L 41.69999788 36.65000036 41.69999788 38.35000204 0 P 0
L 41.90000002 41.55000326 41.90000002 43.950001 0 P 0
L 41.90000002 41.55000326 43.09999762 41.55000326 0 P 0
L 41.90000002 43.950001 43.09999762 43.950001 0 P 0
L 41.94999992 28.14999958 41.94999992 29.85000126 0 P 0
L 42.02500104 42.75000594 42.97500168 42.75000848 0 P 0
L 42.15000206 24.5500017 42.15000206 26.94999944 0 P 0
L 42.15000206 24.5500017 43.34999966 24.5500017 0 P 0
L 42.15000206 26.94999944 43.34999966 26.94999944 0 P 0
L 42.15000206 33.30000198 42.15000206 35.69999972 0 P 0
L 42.15000206 33.30000198 43.34999966 33.30000198 0 P 0
L 42.15000206 35.69999972 43.34999966 35.69999972 0 P 0
L 42.27500308 25.75000438 43.22500372 25.75000692 0 P 0
L 42.27500308 34.50000466 43.22500372 34.5000072 0 P 0
L 42.50000136 42.27500562 42.50000136 43.22500626 0 P 0
L 42.7500034 25.27500406 42.7500034 26.2250047 0 P 0
L 42.7500034 34.02500434 42.7500034 34.97500498 0 P 0
L 43.02499904 6.04999806 43.02499904 9.95000042 0 P 0
L 43.02499904 14.49999894 43.02499904 18.4000013 0 P 0
L 43.09999762 41.55000326 43.09999762 43.950001 0 P 0
L 43.34999966 24.5500017 43.34999966 26.94999944 0 P 0
L 43.34999966 33.30000198 43.34999966 35.69999972 0 P 0
L 43.67500028 23.09999952 43.67500028 27.00000188 0 P 0
L 43.67500028 23.09999952 47.2250008 23.09999952 0 P 0
L 43.67500028 27.00000188 47.2250008 27.00000188 0 P 0
L 43.72500018 31.7999999 43.72500018 35.70000226 0 P 0
L 43.72500018 31.7999999 47.2750007 31.7999999 0 P 0
L 43.72500018 35.70000226 47.2750007 35.70000226 0 P 0
L 43.72500018 40.04999864 43.72500018 43.950001 0 P 0
L 43.72500018 40.04999864 47.2750007 40.04999864 0 P 0
L 43.72500018 43.950001 47.2750007 43.950001 0 P 0
L 47.2250008 23.09999952 47.2250008 27.00000188 0 P 0
L 47.2750007 31.7999999 47.2750007 35.70000226 0 P 0
L 47.2750007 40.04999864 47.2750007 43.950001 0 P 0
L 55.05000166 11.89999906 55.05000166 13.60000074 0 P 0
L 55.05000166 11.89999906 58.44999994 11.89999906 0 P 0
L 55.05000166 13.60000074 58.44999994 13.60000074 0 P 0
L 55.05000166 20.15000034 55.05000166 21.85000202 0 P 0
L 55.05000166 20.15000034 58.44999994 20.15000034 0 P 0
L 55.05000166 21.85000202 58.44999994 21.85000202 0 P 0
L 55.05000166 28.39999908 55.05000166 30.10000076 0 P 0
L 55.05000166 28.39999908 58.44999994 28.39999908 0 P 0
L 55.05000166 30.10000076 58.44999994 30.10000076 0 P 0
L 55.05000166 36.89999986 55.05000166 38.60000154 0 P 0
L 55.05000166 36.89999986 58.44999994 36.89999986 0 P 0
L 55.05000166 38.60000154 58.44999994 38.60000154 0 P 0
L 55.80000016 45.1499986 55.80000016 46.85000028 0 P 0
L 55.80000016 45.1499986 59.19999844 45.1499986 0 P 0
L 55.80000016 46.85000028 59.19999844 46.85000028 0 P 0
L 58.39500132 49.99000162 58.39500132 55.47000082 0 P 0
L 58.44999994 11.89999906 58.44999994 13.60000074 0 P 0
L 58.44999994 20.15000034 58.44999994 21.85000202 0 P 0
L 58.44999994 28.39999908 58.44999994 30.10000076 0 P 0
L 58.44999994 36.89999986 58.44999994 38.60000154 0 P 0
L 58.60000218 24.59999906 58.60000218 26.9999968 0 P 0
L 58.60000218 24.59999906 59.79999978 24.59999906 0 P 0
L 58.60000218 26.9999968 59.79999978 26.9999968 0 P 0
L 58.65000462 41.60000062 58.65000462 43.99999836 0 P 0
L 58.65000462 41.60000062 59.85000222 41.60000062 0 P 0
L 58.65000462 43.99999836 59.85000222 43.99999836 0 P 0
L 58.72499812 25.79999158 59.67499876 25.79999412 0 P 0
L 58.77500564 42.8000033 59.72500628 42.80000584 0 P 0
L 58.89999904 33.2797912 58.89999904 35.67978894 0 P 0
L 58.89999904 33.2797912 60.09999664 33.2797912 0 P 0
L 58.89999904 35.67978894 60.09999664 35.67978894 0 P 0
L 58.90000158 16.79999942 58.90000158 19.19999716 0 P 0
L 58.90000158 16.79999942 60.09999918 16.79999942 0 P 0
L 58.90000158 19.19999716 60.09999918 19.19999716 0 P 0
L 59.02499498 34.47978372 59.97499562 34.47978626 0 P 0
L 59.02499752 17.99999194 59.97499816 17.99999448 0 P 0
L 59.15000108 8.30000118 59.15000108 10.69999892 0 P 0
L 59.15000108 8.30000118 60.34999868 8.30000118 0 P 0
L 59.15000108 10.69999892 60.34999868 10.69999892 0 P 0
L 59.19999844 25.3249938 59.19999844 26.27499444 0 P 0
L 59.19999844 45.1499986 59.19999844 46.85000028 0 P 0
L 59.25000596 42.32500298 59.25000596 43.27500362 0 P 0
L 59.2750021 9.50000386 60.22500274 9.5000064 0 P 0
L 59.4999953 34.00478594 59.4999953 34.95478658 0 P 0
L 59.49999784 17.52499416 59.49999784 18.4749948 0 P 0
L 59.75000242 9.02500354 59.75000242 9.97500418 0 P 0
L 59.79999978 24.59999906 59.79999978 26.9999968 0 P 0
L 59.85000222 41.60000062 59.85000222 43.99999836 0 P 0
L 60.09999664 33.2797912 60.09999664 35.67978894 0 P 0
L 60.09999918 16.79999942 60.09999918 19.19999716 0 P 0
L 60.34999868 8.30000118 60.34999868 10.69999892 0 P 0
L 60.4749997 31.54999786 60.4749997 35.45000022 0 P 0
L 60.4749997 31.54999786 64.02500022 31.54999786 0 P 0
L 60.4749997 35.45000022 64.02500022 35.45000022 0 P 0
L 60.4749997 40.04999864 60.4749997 43.950001 0 P 0
L 60.4749997 40.04999864 64.02500022 40.04999864 0 P 0
L 60.4749997 43.950001 64.02500022 43.950001 0 P 0
L 60.5249996 23.34999902 60.5249996 27.25000138 0 P 0
L 60.5249996 23.34999902 64.07500012 23.34999902 0 P 0
L 60.5249996 27.25000138 64.07500012 27.25000138 0 P 0
L 60.7249992 7.4999977 60.7249992 11.40000006 0 P 0
L 60.7249992 7.4999977 64.27499972 7.4999977 0 P 0
L 60.7249992 11.40000006 64.27499972 11.40000006 0 P 0
L 60.75167174 14.9405721 60.75167174 18.84057446 0 P 0
L 60.75167174 14.9405721 64.30167226 14.9405721 0 P 0
L 60.75167174 18.84057446 64.30167226 18.84057446 0 P 0
L 64.02500022 31.54999786 64.02500022 35.45000022 0 P 0
L 64.02500022 40.04999864 64.02500022 43.950001 0 P 0
L 64.07500012 23.34999902 64.07500012 27.25000138 0 P 0
L 64.27499972 7.4999977 64.27499972 11.40000006 0 P 0
L 64.30167226 14.9405721 64.30167226 18.84057446 0 P 0
