UNITS=MM
#Layer_Color=16711935
#
#Feature symbol names
#
$0 r99.9998
$1 r199.9996
$2 rect614.66476x2919.99924

#
#Feature attribute names
#

#
#Layer features
#
A 19.2999995 40.20000088 19.2999995 40.20000088 18.8000005 40.20000088 0 P 0 N
A 33.89999824 47.29999938 33.89999824 47.29999938 33.39999924 47.29999938 0 P 0 N
A 34.69999918 32.80000044 34.69999918 32.80000044 34.20000018 32.80000044 0 P 0 N
A 50.0500015 33.4400017 50.0500015 33.4400017 49.5500025 33.4400017 0 P 0 N
A 50.19999866 47.60000132 50.19999866 47.60000132 49.69999966 47.60000132 0 P 0 N
L 0.96500188 44.04000082 0.96500188 46.96000006 1 P 0
L 0.96500188 44.04000082 5.53500036 44.04000082 1 P 0
L 0.96500188 46.96000006 5.53500036 46.96000006 1 P 0
L 5.53500036 44.04000082 5.53500036 46.96000006 1 P 0
L 6.52499838 37.52499988 6.52499838 38.47499798 1 P 0
L 6.52499838 37.52499988 8.27499996 37.52499988 1 P 0
L 6.52499838 38.47499798 8.27499996 38.47499798 1 P 0
L 8.27499996 37.52499988 8.27499996 38.47499798 1 P 0
L 9.0750009 45.94999954 9.0750009 46.54999834 1 P 0
L 9.0750009 45.94999954 10.17500124 45.94999954 1 P 0
L 9.0750009 46.54999834 10.17500124 46.54999834 1 P 0
L 9.70000092 31.1000013 9.70000092 41.10000162 1 P 0
L 9.70000092 31.1000013 19.70000124 31.1000013 1 P 0
L 9.70000092 41.10000162 19.70000124 41.10000162 1 P 0
L 10.17500124 45.94999954 10.17500124 46.54999834 1 P 0
L 11.7150007 10.04000024 11.7150007 12.95999948 1 P 0
L 11.7150007 10.04000024 16.28499918 10.04000024 1 P 0
L 11.7150007 12.95999948 16.28499918 12.95999948 1 P 0
L 11.7150007 18.79000052 11.7150007 21.70999976 1 P 0
L 11.7150007 18.79000052 16.28499918 18.79000052 1 P 0
L 11.7150007 21.70999976 16.28499918 21.70999976 1 P 0
L 14.79999834 27.65000058 14.79999834 28.59999868 1 P 0
L 14.79999834 27.65000058 16.54999992 27.65000058 1 P 0
L 14.79999834 28.59999868 16.54999992 28.59999868 1 P 0
L 14.92499936 43.42500332 14.92499936 44.37500142 1 P 0
L 14.92499936 43.42500332 16.67500094 43.42500332 1 P 0
L 14.92499936 44.37500142 16.67500094 44.37500142 1 P 0
L 15.21500132 27.1400016 15.21500132 30.06000084 1 P 0
L 15.21500132 27.1400016 19.7849998 27.1400016 1 P 0
L 15.21500132 30.06000084 19.7849998 30.06000084 1 P 0
L 15.21500132 44.0149996 15.21500132 46.93499884 1 P 0
L 15.21500132 44.0149996 19.7849998 44.0149996 1 P 0
L 15.21500132 46.93499884 19.7849998 46.93499884 1 P 0
L 15.3399998 35.78999954 15.3399998 38.70999878 1 P 0
L 15.3399998 35.78999954 19.90999828 35.78999954 1 P 0
L 15.3399998 38.70999878 19.90999828 38.70999878 1 P 0
L 16.28499918 10.04000024 16.28499918 12.95999948 1 P 0
L 16.28499918 18.79000052 16.28499918 21.70999976 1 P 0
L 16.54999992 27.65000058 16.54999992 28.59999868 1 P 0
L 16.67500094 43.42500332 16.67500094 44.37500142 1 P 0
L 16.82500064 14.95000058 16.82500064 17.05000146 1 P 0
L 16.82500064 14.95000058 18.17500048 14.95000058 1 P 0
L 16.82500064 17.05000146 18.17500048 17.05000146 1 P 0
L 18.17500048 14.95000058 18.17500048 17.05000146 1 P 0
L 18.87500162 6.27499888 18.87500162 7.22499698 1 P 0
L 18.87500162 6.27499888 20.6250032 6.27499888 1 P 0
L 18.87500162 7.22499698 20.6250032 7.22499698 1 P 0
L 19.70000124 31.1000013 19.70000124 41.10000162 1 P 0
L 19.7849998 27.1400016 19.7849998 30.06000084 1 P 0
L 19.7849998 44.0149996 19.7849998 46.93499884 1 P 0
L 19.90999828 35.78999954 19.90999828 38.70999878 1 P 0
L 20.12500166 14.72499976 20.12500166 15.67499786 1 P 0
L 20.12500166 14.72499976 21.87500324 14.72499976 1 P 0
L 20.12500166 15.67499786 21.87500324 15.67499786 1 P 0
L 20.6250032 6.27499888 20.6250032 7.22499698 1 P 0
L 21.5250014 40.62499876 21.5250014 42.37500034 1 P 0
L 21.5250014 40.62499876 22.4749995 40.62499876 1 P 0
L 21.5250014 42.37500034 22.4749995 42.37500034 1 P 0
L 21.725001 29.7249977 21.725001 31.47499928 1 P 0
L 21.725001 29.7249977 22.6749991 29.7249977 1 P 0
L 21.725001 31.47499928 22.6749991 31.47499928 1 P 0
L 21.87500324 14.72499976 21.87500324 15.67499786 1 P 0
L 22.05000162 37.64999836 22.05000162 39.39999994 1 P 0
L 22.05000162 37.64999836 22.99999972 37.64999836 1 P 0
L 22.05000162 39.39999994 22.99999972 39.39999994 1 P 0
L 22.20000132 12.200001 22.20000132 12.7999998 1 P 0
L 22.20000132 12.200001 23.30000166 12.200001 1 P 0
L 22.20000132 12.7999998 23.30000166 12.7999998 1 P 0
L 22.32500234 20.80000158 22.32500234 21.40000038 1 P 0
L 22.32500234 20.80000158 23.42500268 20.80000158 1 P 0
L 22.32500234 21.40000038 23.42500268 21.40000038 1 P 0
L 22.4749995 40.62499876 22.4749995 42.37500034 1 P 0
L 22.5749993 23.22500054 22.5749993 24.17499864 1 P 0
L 22.5749993 23.22500054 24.32500088 23.22500054 1 P 0
L 22.5749993 24.17499864 24.32500088 24.17499864 1 P 0
L 22.6749991 29.7249977 22.6749991 31.47499928 1 P 0
L 22.99999972 37.64999836 22.99999972 39.39999994 1 P 0
L 23.30000166 12.200001 23.30000166 12.7999998 1 P 0
L 23.42500268 20.80000158 23.42500268 21.40000038 1 P 0
L 23.62499974 31.77499868 23.62499974 32.72499678 1 P 0
L 23.62499974 31.77499868 25.37500132 31.77499868 1 P 0
L 23.62499974 32.72499678 25.37500132 32.72499678 1 P 0
L 23.87499924 40.02499996 23.87499924 40.97499806 1 P 0
L 23.87499924 40.02499996 25.62500082 40.02499996 1 P 0
L 23.87499924 40.97499806 25.62500082 40.97499806 1 P 0
L 24.32500088 23.22500054 24.32500088 24.17499864 1 P 0
L 25.37500132 31.77499868 25.37500132 32.72499678 1 P 0
L 25.62500082 40.02499996 25.62500082 40.97499806 1 P 0
L 26.32500196 37.7000008 26.32500196 38.2999996 1 P 0
L 26.32500196 37.7000008 27.4250023 37.7000008 1 P 0
L 26.32500196 38.2999996 27.4250023 38.2999996 1 P 0
L 26.55000024 29.20000002 26.55000024 29.79999882 1 P 0
L 26.55000024 29.20000002 27.65000058 29.20000002 1 P 0
L 26.55000024 29.79999882 27.65000058 29.79999882 1 P 0
L 26.97499812 18.02500332 26.97499812 18.97500142 1 P 0
L 26.97499812 18.02500332 28.7249997 18.02500332 1 P 0
L 26.97499812 18.97500142 28.7249997 18.97500142 1 P 0
L 27.07500046 45.94999954 27.07500046 46.54999834 1 P 0
L 27.07500046 45.94999954 28.1750008 45.94999954 1 P 0
L 27.07500046 46.54999834 28.1750008 46.54999834 1 P 0
L 27.4250023 37.7000008 27.4250023 38.2999996 1 P 0
L 27.65000058 29.20000002 27.65000058 29.79999882 1 P 0
L 27.96500122 18.54000102 27.96500122 21.46000026 1 P 0
L 27.96500122 18.54000102 32.5349997 18.54000102 1 P 0
L 27.96500122 21.46000026 32.5349997 21.46000026 1 P 0
L 28.1750008 45.94999954 28.1750008 46.54999834 1 P 0
L 28.21500072 10.28999974 28.21500072 13.20999898 1 P 0
L 28.21500072 10.28999974 32.7849992 10.28999974 1 P 0
L 28.21500072 13.20999898 32.7849992 13.20999898 1 P 0
L 28.7249997 18.02500332 28.7249997 18.97500142 1 P 0
L 29.3249985 42.12500084 29.3249985 43.87500242 1 P 0
L 29.3249985 42.12500084 30.2749966 42.12500084 1 P 0
L 29.3249985 43.87500242 30.2749966 43.87500242 1 P 0
L 29.34750036 45.72249682 29.34750036 47.4724984 1 P 0
L 29.34750036 45.72249682 30.29749846 45.72249682 1 P 0
L 29.34750036 47.4724984 30.29749846 47.4724984 1 P 0
L 29.42500338 38.42499808 29.42500338 40.17499966 1 P 0
L 29.42500338 38.42499808 30.37500148 38.42499808 1 P 0
L 29.42500338 40.17499966 30.37500148 40.17499966 1 P 0
L 29.52500318 24.52499794 29.52500318 26.27499952 1 P 0
L 29.52500318 24.52499794 30.47500128 24.52499794 1 P 0
L 29.52500318 26.27499952 30.47500128 26.27499952 1 P 0
L 29.62500298 28.32499796 29.62500298 30.07499954 1 P 0
L 29.62500298 28.32499796 30.57500108 28.32499796 1 P 0
L 29.62500298 30.07499954 30.57500108 30.07499954 1 P 0
L 29.62500298 32.27500022 29.62500298 34.0250018 1 P 0
L 29.62500298 32.27500022 30.57500108 32.27500022 1 P 0
L 29.62500298 34.0250018 30.57500108 34.0250018 1 P 0
L 30.2749966 42.12500084 30.2749966 43.87500242 1 P 0
L 30.29749846 45.72249682 30.29749846 47.4724984 1 P 0
L 30.37500148 38.42499808 30.37500148 40.17499966 1 P 0
L 30.47500128 24.52499794 30.47500128 26.27499952 1 P 0
L 30.57500108 28.32499796 30.57500108 30.07499954 1 P 0
L 30.57500108 32.27500022 30.57500108 34.0250018 1 P 0
L 32.20000164 35.54000004 32.20000164 38.45999928 1 P 0
L 32.20000164 35.54000004 36.77000012 35.54000004 1 P 0
L 32.20000164 38.45999928 36.77000012 38.45999928 1 P 0
L 32.21500034 27.03999926 32.21500034 29.9599985 1 P 0
L 32.21500034 27.03999926 36.78499882 27.03999926 1 P 0
L 32.21500034 29.9599985 36.78499882 29.9599985 1 P 0
L 32.21500034 43.79000132 32.21500034 46.71000056 1 P 0
L 32.21500034 43.79000132 36.78499882 43.79000132 1 P 0
L 32.21500034 46.71000056 36.78499882 46.71000056 1 P 0
L 32.4999985 39.42499862 32.4999985 48.1749989 1 P 0
L 32.4999985 39.42499862 36.49999812 39.42499862 1 P 0
L 32.4999985 48.1749989 36.49999812 48.1749989 1 P 0
L 32.5349997 18.54000102 32.5349997 21.46000026 1 P 0
L 32.7849992 10.28999974 32.7849992 13.20999898 1 P 0
L 33.29999944 24.92499968 33.29999944 33.67499996 1 P 0
L 33.29999944 24.92499968 37.29999906 24.92499968 1 P 0
L 33.29999944 33.67499996 37.29999906 33.67499996 1 P 0
L 33.8750021 36.62500168 33.8750021 37.57499978 1 P 0
L 33.8750021 36.62500168 35.62500368 36.62500168 1 P 0
L 33.8750021 37.57499978 35.62500368 37.57499978 1 P 0
L 34.70000172 22.37500224 34.70000172 23.32500034 1 P 0
L 34.70000172 22.37500224 36.4500033 22.37500224 1 P 0
L 34.70000172 23.32500034 36.4500033 23.32500034 1 P 0
L 35.62500368 36.62500168 35.62500368 37.57499978 1 P 0
L 36.4500033 22.37500224 36.4500033 23.32500034 1 P 0
L 36.49999812 39.42499862 36.49999812 48.1749989 1 P 0
L 36.77000012 35.54000004 36.77000012 38.45999928 1 P 0
L 36.78499882 27.03999926 36.78499882 29.9599985 1 P 0
L 36.78499882 43.79000132 36.78499882 46.71000056 1 P 0
L 36.87500118 14.77499966 36.87500118 15.72499776 1 P 0
L 36.87500118 14.77499966 38.62500276 14.77499966 1 P 0
L 36.87500118 15.72499776 38.62500276 15.72499776 1 P 0
L 36.97499844 6.27499888 36.97499844 7.22499698 1 P 0
L 36.97499844 6.27499888 38.72500002 6.27499888 1 P 0
L 36.97499844 7.22499698 38.72500002 7.22499698 1 P 0
L 37.29999906 24.92499968 37.29999906 33.67499996 1 P 0
L 38.62500276 14.77499966 38.62500276 15.72499776 1 P 0
L 38.72500002 6.27499888 38.72500002 7.22499698 1 P 0
L 39.87500026 23.27500044 39.87500026 24.22499854 1 P 0
L 39.87500026 23.27500044 41.62500184 23.27500044 1 P 0
L 39.87500026 24.22499854 41.62500184 24.22499854 1 P 0
L 40.32499936 20.70000178 40.32499936 21.30000058 1 P 0
L 40.32499936 20.70000178 41.4249997 20.70000178 1 P 0
L 40.32499936 21.30000058 41.4249997 21.30000058 1 P 0
L 40.8750008 40.02499996 40.8750008 40.97499806 1 P 0
L 40.8750008 40.02499996 42.62500238 40.02499996 1 P 0
L 40.8750008 40.97499806 42.62500238 40.97499806 1 P 0
L 41.1250003 31.77499868 41.1250003 32.72499678 1 P 0
L 41.1250003 31.77499868 42.87500188 31.77499868 1 P 0
L 41.1250003 32.72499678 42.87500188 32.72499678 1 P 0
L 41.4249997 20.70000178 41.4249997 21.30000058 1 P 0
L 41.45000092 12.7 41.45000092 13.2999988 1 P 0
L 41.45000092 12.7 42.55000126 12.7 1 P 0
L 41.45000092 13.2999988 42.55000126 13.2999988 1 P 0
L 41.62500184 23.27500044 41.62500184 24.22499854 1 P 0
L 42.55000126 12.7 42.55000126 13.2999988 1 P 0
L 42.62500238 40.02499996 42.62500238 40.97499806 1 P 0
L 42.87500188 31.77499868 42.87500188 32.72499678 1 P 0
L 43.62500038 41.82500144 43.62500038 43.57500302 1 P 0
L 43.62500038 41.82500144 44.57499848 41.82500144 1 P 0
L 43.62500038 43.57500302 44.57499848 43.57500302 1 P 0
L 43.62500292 45.72499872 43.62500292 47.4750003 1 P 0
L 43.62500292 45.72499872 44.57500102 45.72499872 1 P 0
L 43.62500292 47.4750003 44.57500102 47.4750003 1 P 0
L 43.72500018 37.97499898 43.72500018 39.72500056 1 P 0
L 43.72500018 37.97499898 44.67499828 37.97499898 1 P 0
L 43.72500018 39.72500056 44.67499828 39.72500056 1 P 0
L 43.8500012 46.30000138 43.8500012 46.90000018 1 P 0
L 43.8500012 46.30000138 44.95000154 46.30000138 1 P 0
L 43.8500012 46.90000018 44.95000154 46.90000018 1 P 0
L 44.07500202 37.7000008 44.07500202 38.2999996 1 P 0
L 44.07500202 37.7000008 45.17500236 37.7000008 1 P 0
L 44.07500202 38.2999996 45.17500236 38.2999996 1 P 0
L 44.32500152 29.20000002 44.32500152 29.79999882 1 P 0
L 44.32500152 29.20000002 45.42500186 29.20000002 1 P 0
L 44.32500152 29.79999882 45.42500186 29.79999882 1 P 0
L 44.52500366 31.27499968 44.52500366 33.02500126 1 P 0
L 44.52500366 31.27499968 45.47500176 31.27499968 1 P 0
L 44.52500366 33.02500126 45.47500176 33.02500126 1 P 0
L 44.57499848 41.82500144 44.57499848 43.57500302 1 P 0
L 44.57500102 45.72499872 44.57500102 47.4750003 1 P 0
L 44.62500346 23.57499984 44.62500346 25.32500142 1 P 0
L 44.62500346 23.57499984 45.57500156 23.57499984 1 P 0
L 44.62500346 25.32500142 45.57500156 25.32500142 1 P 0
L 44.67499828 37.97499898 44.67499828 39.72500056 1 P 0
L 44.70000204 27.47499712 44.70000204 29.2249987 1 P 0
L 44.70000204 27.47499712 45.65000014 27.47499712 1 P 0
L 44.70000204 29.2249987 45.65000014 29.2249987 1 P 0
L 44.95000154 46.30000138 44.95000154 46.90000018 1 P 0
L 45.17500236 37.7000008 45.17500236 38.2999996 1 P 0
L 45.42500186 29.20000002 45.42500186 29.79999882 1 P 0
L 45.47500176 31.27499968 45.47500176 33.02500126 1 P 0
L 45.57500156 23.57499984 45.57500156 25.32500142 1 P 0
L 45.65000014 27.47499712 45.65000014 29.2249987 1 P 0
L 48.65000176 25.56500094 48.65000176 34.31500122 1 P 0
L 48.65000176 25.56500094 52.65000138 25.56500094 1 P 0
L 48.65000176 34.31500122 52.65000138 34.31500122 1 P 0
L 48.79999892 39.72500056 48.79999892 48.47500084 1 P 0
L 48.79999892 39.72500056 52.79999854 39.72500056 1 P 0
L 48.79999892 48.47500084 52.79999854 48.47500084 1 P 0
L 48.96499986 27.2900013 48.96499986 30.21000054 1 P 0
L 48.96499986 27.2900013 53.53499834 27.2900013 1 P 0
L 48.96499986 30.21000054 53.53499834 30.21000054 1 P 0
L 48.96499986 35.78999954 48.96499986 38.70999878 1 P 0
L 48.96499986 35.78999954 53.53499834 35.78999954 1 P 0
L 48.96499986 38.70999878 53.53499834 38.70999878 1 P 0
L 49.2150019 10.79000128 49.2150019 13.71000052 1 P 0
L 49.2150019 10.79000128 53.78500038 10.79000128 1 P 0
L 49.2150019 13.71000052 53.78500038 13.71000052 1 P 0
L 49.2150019 18.79000052 49.2150019 21.70999976 1 P 0
L 49.2150019 18.79000052 53.78500038 18.79000052 1 P 0
L 49.2150019 21.70999976 53.78500038 21.70999976 1 P 0
L 49.2150019 44.04000082 49.2150019 46.96000006 1 P 0
L 49.2150019 44.04000082 53.78500038 44.04000082 1 P 0
L 49.2150019 46.96000006 53.78500038 46.96000006 1 P 0
L 50.27500232 36.72500148 50.27500232 37.67499958 1 P 0
L 50.27500232 36.72500148 52.0250039 36.72500148 1 P 0
L 50.27500232 37.67499958 52.0250039 37.67499958 1 P 0
L 51.32499768 24.12499874 51.32499768 25.07499684 1 P 0
L 51.32499768 24.12499874 53.07499926 24.12499874 1 P 0
L 51.32499768 25.07499684 53.07499926 25.07499684 1 P 0
L 52.0250039 36.72500148 52.0250039 37.67499958 1 P 0
L 52.65000138 25.56500094 52.65000138 34.31500122 1 P 0
L 52.79999854 39.72500056 52.79999854 48.47500084 1 P 0
L 53.07499926 24.12499874 53.07499926 25.07499684 1 P 0
L 53.53499834 27.2900013 53.53499834 30.21000054 1 P 0
L 53.53499834 35.78999954 53.53499834 38.70999878 1 P 0
L 53.78500038 10.79000128 53.78500038 13.71000052 1 P 0
L 53.78500038 18.79000052 53.78500038 21.70999976 1 P 0
L 53.78500038 44.04000082 53.78500038 46.96000006 1 P 0
L 56.87499928 7.52499892 56.87499928 8.47499702 1 P 0
L 56.87499928 7.52499892 58.62500086 7.52499892 1 P 0
L 56.87499928 8.47499702 58.62500086 8.47499702 1 P 0
L 57.62500032 40.02499996 57.62500032 40.97499806 1 P 0
L 57.62500032 40.02499996 59.3750019 40.02499996 1 P 0
L 57.62500032 40.97499806 59.3750019 40.97499806 1 P 0
L 57.87499982 15.02499916 57.87499982 15.97499726 1 P 0
L 57.87499982 15.02499916 59.6250014 15.02499916 1 P 0
L 57.87499982 15.97499726 59.6250014 15.97499726 1 P 0
L 57.87499982 23.27500044 57.87499982 24.22499854 1 P 0
L 57.87499982 23.27500044 59.6250014 23.27500044 1 P 0
L 57.87499982 24.22499854 59.6250014 24.22499854 1 P 0
L 57.87499982 31.77499868 57.87499982 32.72499678 1 P 0
L 57.87499982 31.77499868 59.6250014 31.77499868 1 P 0
L 57.87499982 32.72499678 59.6250014 32.72499678 1 P 0
L 58.62500086 7.52499892 58.62500086 8.47499702 1 P 0
L 59.3750019 40.02499996 59.3750019 40.97499806 1 P 0
L 59.6250014 15.02499916 59.6250014 15.97499726 1 P 0
L 59.6250014 23.27500044 59.6250014 24.22499854 1 P 0
L 59.6250014 31.77499868 59.6250014 32.72499678 1 P 0
L 60.95000002 12.7 60.95000002 13.2999988 1 P 0
L 60.95000002 12.7 62.05000036 12.7 1 P 0
L 60.95000002 13.2999988 62.05000036 13.2999988 1 P 0
L 60.95000002 29.20000002 60.95000002 29.79999882 1 P 0
L 60.95000002 29.20000002 62.05000036 29.20000002 1 P 0
L 60.95000002 29.79999882 62.05000036 29.79999882 1 P 0
L 61.19999952 20.95000128 61.19999952 21.55000008 1 P 0
L 61.19999952 20.95000128 62.29999986 20.95000128 1 P 0
L 61.19999952 21.55000008 62.29999986 21.55000008 1 P 0
L 61.20000206 37.7000008 61.20000206 38.2999996 1 P 0
L 61.20000206 37.7000008 62.3000024 37.7000008 1 P 0
L 61.20000206 38.2999996 62.3000024 38.2999996 1 P 0
L 61.57500258 45.94999954 61.57500258 46.54999834 1 P 0
L 61.57500258 45.94999954 62.67500292 45.94999954 1 P 0
L 61.57500258 46.54999834 62.67500292 46.54999834 1 P 0
L 62.05000036 12.7 62.05000036 13.2999988 1 P 0
L 62.05000036 29.20000002 62.05000036 29.79999882 1 P 0
L 62.29999986 20.95000128 62.29999986 21.55000008 1 P 0
L 62.3000024 37.7000008 62.3000024 38.2999996 1 P 0
L 62.67500292 45.94999954 62.67500292 46.54999834 1 P 0
P 5.22767814 45.50000806 2 P 0 0
P 15.97758298 20.2496801 2 P 0 0
P 15.9776795 11.50000494 2 P 0 0
P 19.47765218 28.60006218 2 P 0 0
P 19.47768774 45.47519734 2 P 0 0
P 19.60267606 37.2499763 2 P 0 0
P 32.2276597 20.00039942 2 P 0 0
P 32.47760586 11.75026098 2 P 0 0
P 36.46268298 37.00000474 2 P 0 0
P 36.47766898 45.2499603 2 P 0 0
P 36.47767914 28.50011318 2 P 0 0
P 53.22766342 28.75015586 2 P 0 0
P 53.22767866 37.24996106 2 P 0 0
P 53.47766546 20.25000522 2 P 0 0
P 53.47767054 12.25006186 2 P 0 0
P 53.47767054 45.49995218 2 P 0 0
