UNITS=MM
#Layer_Color=32896
#
#Feature symbol names
#
$0 r199.9996

#
#Feature attribute names
#

#
#Layer features
#
L 8.25000128 44.4999999 9.24999928 44.4999999 0 P 0
L 8.75000028 44.0000009 8.75000028 44.9999989 0 P 0
L 10.50000186 39.49999974 11.49999986 39.49999974 0 P 0
L 11.00000086 39.00000074 11.00000086 39.99999874 0 P 0
L 19.25000214 11.99999886 20.25000014 11.99999886 0 P 0
L 19.30000204 20.69999924 20.30000004 20.69999924 0 P 0
L 19.75000114 11.49999986 19.75000114 12.49999786 0 P 0
L 19.80000104 20.20000024 19.80000104 21.19999824 0 P 0
L 22.25000122 45.99999944 23.24999922 45.99999944 0 P 0
L 22.50000072 37.7500007 23.49999872 37.7500007 0 P 0
L 22.75000022 29.24999992 23.74999822 29.24999992 0 P 0
L 22.75000022 45.50000044 22.75000022 46.49999844 0 P 0
L 22.99999972 37.2500017 22.99999972 38.2499997 0 P 0
L 23.24999922 28.75000092 23.24999922 29.74999892 0 P 0
L 23.75000076 8.19999884 24.74999876 8.19999884 0 P 0
L 23.95000036 16.69999962 24.94999836 16.69999962 0 P 0
L 24.24999976 7.69999984 24.24999976 8.69999784 0 P 0
L 24.44999936 16.20000062 24.44999936 17.19999862 0 P 0
L 27.75000038 25.2000004 28.74999838 25.2000004 0 P 0
L 27.75000038 33.75000108 28.74999838 33.75000108 0 P 0
L 27.75000038 41.94999992 28.74999838 41.94999992 0 P 0
L 28.24999938 24.7000014 28.24999938 25.6999994 0 P 0
L 28.24999938 33.25000208 28.24999938 34.25000008 0 P 0
L 28.24999938 41.45000092 28.24999938 42.44999892 0 P 0
L 31.9700021 52.73000122 32.9700001 52.73000122 0 P 0
L 32.4700011 52.23000222 32.4700011 53.23000022 0 P 0
L 35.25000062 12.2500009 36.24999862 12.2500009 0 P 0
L 35.35000042 20.74999914 36.34999842 20.74999914 0 P 0
L 35.74999962 11.7500019 35.74999962 12.7499999 0 P 0
L 35.84999942 20.25000014 35.84999942 21.24999814 0 P 0
L 39.27500146 45.52499912 40.27499946 45.52499912 0 P 0
L 39.49999974 37.5000012 40.49999774 37.5000012 0 P 0
L 39.75000178 29.00000042 40.74999978 29.00000042 0 P 0
L 39.77500046 45.02500012 39.77500046 46.02499812 0 P 0
L 39.99999874 37.0000022 39.99999874 38.0000002 0 P 0
L 40.25000078 28.50000142 40.25000078 29.49999942 0 P 0
L 40.74999978 7.99999924 41.74999778 7.99999924 0 P 0
L 40.74999978 16.45000012 41.74999778 16.45000012 0 P 0
L 41.24999878 7.50000024 41.24999878 8.49999824 0 P 0
L 41.24999878 15.95000112 41.24999878 16.94999912 0 P 0
L 44.95000154 25.0500007 45.94999954 25.0500007 0 P 0
L 45.00000144 33.75000108 45.99999944 33.75000108 0 P 0
L 45.00000144 41.99999982 45.99999944 41.99999982 0 P 0
L 45.45000054 24.5500017 45.45000054 25.5499997 0 P 0
L 45.50000044 33.25000208 45.50000044 34.25000008 0 P 0
L 45.50000044 41.50000082 45.50000044 42.49999882 0 P 0
L 56.2500018 12.7499999 57.2499998 12.7499999 0 P 0
L 56.2500018 21.00000118 57.2499998 21.00000118 0 P 0
L 56.2500018 29.24999992 57.2499998 29.24999992 0 P 0
L 56.2500018 37.7500007 57.2499998 37.7500007 0 P 0
L 56.7500008 12.2500009 56.7500008 13.2499989 0 P 0
L 56.7500008 20.50000218 56.7500008 21.50000018 0 P 0
L 56.7500008 28.75000092 56.7500008 29.74999892 0 P 0
L 56.7500008 37.2500017 56.7500008 38.2499997 0 P 0
L 57.0000003 45.99999944 57.9999983 45.99999944 0 P 0
L 57.4999993 45.50000044 57.4999993 46.49999844 0 P 0
L 61.75000096 33.49999904 62.74999896 33.49999904 0 P 0
L 61.75000096 41.99999982 62.74999896 41.99999982 0 P 0
L 61.80000086 25.3000002 62.79999886 25.3000002 0 P 0
L 62.00000046 9.44999888 62.99999846 9.44999888 0 P 0
L 62.026673 16.89057328 63.026671 16.89057328 0 P 0
L 62.24999996 33.00000004 62.24999996 33.99999804 0 P 0
L 62.24999996 41.50000082 62.24999996 42.49999882 0 P 0
L 62.29999986 24.8000012 62.29999986 25.7999992 0 P 0
L 62.49999946 8.94999988 62.49999946 9.94999788 0 P 0
L 62.526672 16.39057428 62.526672 17.39057228 0 P 0
